x,y,z
-0.053635,0.300019,0.669223
-0.053635,0.300019,0.669223
-0.053635,0.300019,0.669223
-0.053635,0.300019,0.669223
-0.053635,0.300019,0.669222
-0.053635,0.300019,0.669222
-0.053635,0.300019,0.669222
-0.053635,0.300019,0.669221
-0.053635,0.300019,0.669221
-0.053635,0.300019,0.669220
-0.053635,0.300019,0.669219
-0.053635,0.300019,0.669217
-0.053635,0.300019,0.669216
-0.053635,0.300019,0.669214
-0.053634,0.300019,0.669212
-0.053634,0.300019,0.669210
-0.053634,0.300019,0.669207
-0.053634,0.300019,0.669204
-0.053634,0.300019,0.669200
-0.053634,0.300019,0.669196
-0.053634,0.300019,0.669192
-0.053634,0.300019,0.669187
-0.053634,0.300019,0.669182
-0.053634,0.300019,0.669176
-0.053634,0.300019,0.669170
-0.053633,0.300019,0.669163
-0.053633,0.300019,0.669156
-0.053633,0.300019,0.669148
-0.053633,0.300019,0.669139
-0.053633,0.300019,0.669130
-0.053633,0.300019,0.669121
-0.053632,0.300019,0.669110
-0.053632,0.300019,0.669100
-0.053632,0.300019,0.669088
-0.053632,0.300019,0.669076
-0.053631,0.300019,0.669063
-0.053631,0.300019,0.669049
-0.053631,0.300019,0.669034
-0.053630,0.300019,0.669019
-0.053630,0.300019,0.669003
-0.053630,0.300019,0.668986
-0.053629,0.300019,0.668968
-0.053629,0.300019,0.668950
-0.053628,0.300019,0.668931
-0.053628,0.300019,0.668910
-0.053628,0.300019,0.668889
-0.053627,0.300019,0.668867
-0.053627,0.300019,0.668844
-0.053626,0.300019,0.668821
-0.053626,0.300019,0.668796
-0.053625,0.300019,0.668770
-0.053624,0.300019,0.668743
-0.053624,0.300019,0.668716
-0.053623,0.300019,0.668687
-0.053623,0.300019,0.668657
-0.053622,0.300019,0.668627
-0.053621,0.300019,0.668595
-0.053621,0.300019,0.668562
-0.053620,0.300019,0.668528
-0.053619,0.300019,0.668493
-0.053618,0.300019,0.668457
-0.053617,0.300019,0.668420
-0.053617,0.300019,0.668381
-0.053616,0.300019,0.668342
-0.053615,0.300019,0.668301
-0.053614,0.300019,0.668259
-0.053613,0.300019,0.668216
-0.053612,0.300019,0.668172
-0.053611,0.300019,0.668127
-0.053610,0.300019,0.668080
-0.053609,0.300019,0.668032
-0.053608,0.300019,0.667983
-0.053607,0.300019,0.667933
-0.053606,0.300019,0.667881
-0.053605,0.300019,0.667828
-0.053604,0.300019,0.667774
-0.053602,0.300019,0.667719
-0.053601,0.300019,0.667662
-0.053600,0.300019,0.667604
-0.053599,0.300019,0.667544
-0.053597,0.300019,0.667484
-0.053596,0.300019,0.667421
-0.053595,0.300019,0.667358
-0.053593,0.300019,0.667293
-0.053592,0.300019,0.667227
-0.053590,0.300019,0.667159
-0.053589,0.300019,0.667090
-0.053587,0.300019,0.667020
-0.053586,0.300019,0.666948
-0.053584,0.300019,0.666874
-0.053583,0.300019,0.666800
-0.053581,0.300019,0.666723
-0.053579,0.300019,0.666646
-0.053578,0.300019,0.666567
-0.053576,0.300019,0.666486
-0.053574,0.300019,0.666404
-0.053572,0.300019,0.666320
-0.053571,0.300019,0.666235
-0.053569,0.300019,0.666149
-0.053567,0.300019,0.666061
-0.053565,0.300019,0.665971
-0.053563,0.300019,0.665880
-0.053561,0.300019,0.665787
-0.053559,0.300019,0.665693
-0.053557,0.300019,0.665597
-0.053555,0.300019,0.665500
-0.053553,0.300019,0.665401
-0.053550,0.300019,0.665300
-0.053548,0.300019,0.665198
-0.053546,0.300019,0.665095
-0.053544,0.300019,0.664989
-0.053541,0.300019,0.664883
-0.053539,0.300019,0.664774
-0.053537,0.300019,0.664664
-0.053534,0.300019,0.664552
-0.053532,0.300019,0.664439
-0.053529,0.300019,0.664324
-0.053527,0.300019,0.664208
-0.053524,0.300019,0.664090
-0.053522,0.300019,0.663970
-0.053519,0.300018,0.663848
-0.053517,0.300018,0.663725
-0.053514,0.300018,0.663601
-0.053511,0.300018,0.663474
-0.053508,0.300018,0.663346
-0.053506,0.300018,0.663216
-0.053503,0.300018,0.663085
-0.053500,0.300018,0.662952
-0.053497,0.300018,0.662817
-0.053494,0.300018,0.662681
-0.053491,0.300018,0.662542
-0.053488,0.300018,0.662403
-0.053485,0.300018,0.662261
-0.053482,0.300018,0.662118
-0.053479,0.300018,0.661973
-0.053476,0.300018,0.661826
-0.053473,0.300018,0.661678
-0.053469,0.300018,0.661528
-0.053466,0.300018,0.661376
-0.053463,0.300018,0.661223
-0.053460,0.300018,0.661068
-0.053456,0.300018,0.660911
-0.053453,0.300018,0.660752
-0.053449,0.300018,0.660592
-0.053446,0.300018,0.660430
-0.053442,0.300018,0.660266
-0.053439,0.300018,0.660101
-0.053435,0.300018,0.659933
-0.053432,0.300018,0.659764
-0.053428,0.300018,0.659594
-0.053424,0.300018,0.659421
-0.053420,0.300018,0.659247
-0.053417,0.300018,0.659071
-0.053413,0.300018,0.658894
-0.053409,0.300018,0.658714
-0.053405,0.300018,0.658533
-0.053401,0.300018,0.658350
-0.053397,0.300018,0.658166
-0.053393,0.300018,0.657980
-0.053389,0.300018,0.657791
-0.053385,0.300018,0.657602
-0.053381,0.300018,0.657410
-0.053377,0.300018,0.657217
-0.053373,0.300018,0.657022
-0.053368,0.300018,0.656825
-0.053364,0.300018,0.656627
-0.053360,0.300018,0.656427
-0.053356,0.300018,0.656225
-0.053351,0.300018,0.656021
-0.053347,0.300018,0.655816
-0.053342,0.300018,0.655609
-0.053338,0.300018,0.655400
-0.053333,0.300018,0.655189
-0.053329,0.300017,0.654977
-0.053324,0.300017,0.654763
-0.053319,0.300017,0.654547
-0.053315,0.300017,0.654330
-0.053310,0.300017,0.654110
-0.053305,0.300017,0.653889
-0.053301,0.300017,0.653667
-0.053296,0.300017,0.653442
-0.053291,0.300017,0.653216
-0.053286,0.300017,0.652989
-0.053281,0.300017,0.652759
-0.053276,0.300017,0.652528
-0.053271,0.300017,0.652295
-0.053266,0.300017,0.652061
-0.053261,0.300017,0.651824
-0.053256,0.300017,0.651586
-0.053251,0.300017,0.651347
-0.053246,0.300017,0.651105
-0.053240,0.300017,0.650862
-0.053235,0.300017,0.650618
-0.053230,0.300017,0.650371
-0.053224,0.300017,0.650123
-0.053219,0.300017,0.649873
-0.053214,0.300017,0.649622
-0.053208,0.300017,0.649369
-0.053203,0.300017,0.649114
-0.053197,0.300017,0.648858
-0.053192,0.300017,0.648600
-0.053186,0.300017,0.648340
-0.053181,0.300017,0.648079
-0.053175,0.300017,0.647816
-0.053169,0.300017,0.647551
-0.053163,0.300017,0.647285
-0.053158,0.300017,0.647017
-0.053152,0.300017,0.646748
-0.053146,0.300017,0.646477
-0.053140,0.300016,0.646204
-0.053134,0.300016,0.645930
-0.053128,0.300016,0.645654
-0.053123,0.300016,0.645376
-0.053117,0.300016,0.645097
-0.053110,0.300016,0.644816
-0.053104,0.300016,0.644534
-0.053098,0.300016,0.644250
-0.053092,0.300016,0.643965
-0.053086,0.300016,0.643678
-0.053080,0.300016,0.643389
-0.053074,0.300016,0.643099
-0.053067,0.300016,0.642808
-0.053061,0.300016,0.642515
-0.053055,0.300016,0.642220
-0.053048,0.300016,0.641924
-0.053042,0.300016,0.641626
-0.053036,0.300016,0.641327
-0.053029,0.300016,0.641026
-0.053023,0.300016,0.640724
-0.053016,0.300016,0.640420
-0.053009,0.300016,0.640114
-0.053003,0.300016,0.639808
-0.052996,0.300016,0.639500
-0.052990,0.300016,0.639190
-0.052983,0.300016,0.638879
-0.052976,0.300016,0.638566
-0.052969,0.300016,0.638252
-0.052963,0.300016,0.637936
-0.052956,0.300016,0.637619
-0.052949,0.300015,0.637301
-0.052942,0.300015,0.636981
-0.052935,0.300015,0.636660
-0.052928,0.300015,0.636337
-0.052921,0.300015,0.636013
-0.052914,0.300015,0.635688
-0.052907,0.300015,0.635361
-0.052900,0.300015,0.635033
-0.052893,0.300015,0.634704
-0.052886,0.300015,0.634373
-0.052879,0.300015,0.634040
-0.052872,0.300015,0.633707
-0.052865,0.300015,0.633372
-0.052857,0.300015,0.633036
-0.052850,0.300015,0.632698
-0.052843,0.300015,0.632359
-0.052836,0.300015,0.632019
-0.052828,0.300015,0.631677
-0.052821,0.300015,0.631335
-0.052814,0.300015,0.630991
-0.052806,0.300015,0.630645
-0.052799,0.300015,0.630299
-0.052791,0.300015,0.629951
-0.052784,0.300015,0.629602
-0.052776,0.300015,0.629251
-0.052769,0.300015,0.628900
-0.052761,0.300015,0.628547
-0.052753,0.300014,0.628193
-0.052746,0.300014,0.627838
-0.052738,0.300014,0.627481
-0.052730,0.300014,0.627124
-0.052723,0.300014,0.626765
-0.052715,0.300014,0.626405
-0.052707,0.300014,0.626044
-0.052699,0.300014,0.625682
-0.052692,0.300014,0.625319
-0.052684,0.300014,0.624954
-0.052676,0.300014,0.624589
-0.052668,0.300014,0.624222
-0.052660,0.300014,0.623854
-0.052652,0.300014,0.623485
-0.052644,0.300014,0.623115
-0.052636,0.300014,0.622744
-0.052628,0.300014,0.622372
-0.052620,0.300014,0.621999
-0.052612,0.300014,0.621625
-0.052604,0.300014,0.621250
-0.052596,0.300014,0.620873
-0.052588,0.300014,0.620496
-0.052580,0.300014,0.620118
-0.052572,0.300014,0.619739
-0.052564,0.300013,0.619358
-0.052555,0.300013,0.618977
-0.052547,0.300013,0.618595
-0.052539,0.300013,0.618212
-0.052531,0.300013,0.617828
-0.052523,0.300013,0.617443
-0.052514,0.300013,0.617057
-0.052506,0.300013,0.616670
-0.052498,0.300013,0.616283
-0.052489,0.300013,0.615894
-0.052481,0.300013,0.615505
-0.052473,0.300013,0.615114
-0.052464,0.300013,0.614723
-0.052456,0.300013,0.614331
-0.052447,0.300013,0.613938
-0.052439,0.300013,0.613545
-0.052430,0.300013,0.613150
-0.052422,0.300013,0.612755
-0.052413,0.300013,0.612359
-0.052405,0.300013,0.611962
-0.052396,0.300013,0.611564
-0.052388,0.300013,0.611166
-0.052379,0.300012,0.610767
-0.052371,0.300012,0.610367
-0.052362,0.300012,0.609966
-0.052353,0.300012,0.609565
-0.052345,0.300012,0.609163
-0.052336,0.300012,0.608760
-0.052327,0.300012,0.608357
-0.052319,0.300012,0.607953
-0.052310,0.300012,0.607548
-0.052301,0.300012,0.607143
-0.052293,0.300012,0.606737
-0.052284,0.300012,0.606330
-0.052275,0.300012,0.605923
-0.052266,0.300012,0.605515
-0.052258,0.300012,0.605106
-0.052249,0.300012,0.604697
-0.052240,0.300012,0.604288
-0.052231,0.300012,0.603878
-0.052222,0.300012,0.603467
-0.052214,0.300012,0.603056
-0.052205,0.300012,0.602644
-0.052196,0.300012,0.602232
-0.052187,0.300011,0.601819
-0.052178,0.300011,0.601406
-0.052169,0.300011,0.600992
-0.052160,0.300011,0.600578
-0.052151,0.300011,0.600163
-0.052142,0.300011,0.599748
-0.052134,0.300011,0.599333
-0.052125,0.300011,0.598917
-0.052116,0.300011,0.598500
-0.052107,0.300011,0.598084
-0.052098,0.300011,0.597666
-0.052089,0.300011,0.597249
-0.052080,0.300011,0.596831
-0.052071,0.300011,0.596413
-0.052062,0.300011,0.595994
-0.052053,0.300011,0.595576
-0.052044,0.300011,0.595156
-0.052035,0.300011,0.594737
-0.052026,0.300011,0.594317
-0.052017,0.300011,0.593897
-0.052008,0.300011,0.593477
-0.051999,0.300010,0.593056
-0.051990,0.300010,0.592636
-0.051981,0.300010,0.592215
-0.051972,0.300010,0.591793
-0.051963,0.300010,0.591372
-0.051954,0.300010,0.590950
-0.051944,0.300010,0.590529
-0.051935,0.300010,0.590107
-0.051926,0.300010,0.589685
-0.051917,0.300010,0.589262
-0.051908,0.300010,0.588840
-0.051899,0.300010,0.588417
-0.051890,0.300010,0.587995
-0.051881,0.300010,0.587572
-0.051872,0.300010,0.587149
-0.051863,0.300010,0.586726
-0.051854,0.300010,0.586303
-0.051845,0.300010,0.585880
-0.051836,0.300010,0.585457
-0.051826,0.300010,0.585034
-0.051817,0.300010,0.584611
-0.051808,0.300009,0.584188
-0.051799,0.300009,0.583765
-0.051790,0.300009,0.583342
-0.051781,0.300009,0.582919
-0.051772,0.300009,0.582496
-0.051763,0.300009,0.582073
-0.051754,0.300009,0.581651
-0.051745,0.300009,0.581228
-0.051736,0.300009,0.580805
-0.051727,0.300009,0.580383
-0.051717,0.300009,0.579960
-0.051708,0.300009,0.579538
-0.051699,0.300009,0.579116
-0.051690,0.300009,0.578694
-0.051681,0.300009,0.578272
-0.051672,0.300009,0.577851
-0.051663,0.300009,0.577429
-0.051654,0.300009,0.577008
-0.051645,0.300009,0.576587
-0.051636,0.300009,0.576166
-0.051627,0.300009,0.575746
-0.051618,0.300008,0.575325
-0.051609,0.300008,0.574905
-0.051600,0.300008,0.574486
-0.051591,0.300008,0.574066
-0.051582,0.300008,0.573647
-0.051573,0.300008,0.573228
-0.051564,0.300008,0.572810
-0.051555,0.300008,0.572392
-0.051546,0.300008,0.571974
-0.051537,0.300008,0.571556
-0.051528,0.300008,0.571139
-0.051519,0.300008,0.570722
-0.051510,0.300008,0.570306
-0.051501,0.300008,0.569890
-0.051492,0.300008,0.569475
-0.051483,0.300008,0.569060
-0.051474,0.300008,0.568645
-0.051466,0.300008,0.568231
-0.051457,0.300008,0.567817
-0.051448,0.300008,0.567404
-0.051439,0.300008,0.566991
-0.051430,0.300008,0.566579
-0.051421,0.300007,0.566167
-0.051412,0.300007,0.565756
-0.051404,0.300007,0.565345
-0.051395,0.300007,0.564935
-0.051386,0.300007,0.564525
-0.051377,0.300007,0.564116
-0.051368,0.300007,0.563708
-0.051360,0.300007,0.563300
-0.051351,0.300007,0.562893
-0.051342,0.300007,0.562486
-0.051333,0.300007,0.562080
-0.051325,0.300007,0.561675
-0.051316,0.300007,0.561270
-0.051307,0.300007,0.560866
-0.051299,0.300007,0.560463
-0.051290,0.300007,0.560060
-0.051281,0.300007,0.559658
-0.051273,0.300007,0.559257
-0.051264,0.300007,0.558856
-0.051256,0.300007,0.558456
-0.051247,0.300007,0.558057
-0.051238,0.300007,0.557658
-0.051230,0.300006,0.557261
-0.051221,0.300006,0.556864
-0.051213,0.300006,0.556468
-0.051204,0.300006,0.556073
-0.051196,0.300006,0.555678
-0.051187,0.300006,0.555284
-0.051179,0.300006,0.554892
-0.051171,0.300006,0.554500
-0.051162,0.300006,0.554108
-0.051154,0.300006,0.553718
-0.051145,0.300006,0.553329
-0.051137,0.300006,0.552940
-0.051129,0.300006,0.552552
-0.051120,0.300006,0.552166
-0.051112,0.300006,0.551780
-0.051104,0.300006,0.551395
-0.051096,0.300006,0.551011
-0.051087,0.300006,0.550628
-0.051079,0.300006,0.550245
-0.051071,0.300006,0.549864
-0.051063,0.300006,0.549484
-0.051055,0.300006,0.549105
-0.051047,0.300005,0.548727
-0.051038,0.300005,0.548349
-0.051030,0.300005,0.547973
-0.051022,0.300005,0.547598
-0.051014,0.300005,0.547224
-0.051006,0.300005,0.546851
-0.050998,0.300005,0.546478
-0.050990,0.300005,0.546107
-0.050982,0.300005,0.545737
-0.050974,0.300005,0.545369
-0.050967,0.300005,0.545001
-0.050959,0.300005,0.544634
-0.050951,0.300005,0.544268
-0.050943,0.300005,0.543904
-0.050935,0.300005,0.543541
-0.050927,0.300005,0.543178
-0.050920,0.300005,0.542817
-0.050912,0.300005,0.542458
-0.050904,0.300005,0.542099
-0.050897,0.300005,0.541741
-0.050889,0.300005,0.541385
-0.050881,0.300005,0.541030
-0.050874,0.300005,0.540676
-0.050866,0.300005,0.540323
-0.050859,0.300005,0.539971
-0.050851,0.300004,0.539621
-0.050844,0.300004,0.539272
-0.050836,0.300004,0.538924
-0.050829,0.300004,0.538577
-0.050821,0.300004,0.538232
-0.050814,0.300004,0.537888
-0.050806,0.300004,0.537545
-0.050799,0.300004,0.537204
-0.050792,0.300004,0.536864
-0.050785,0.300004,0.536525
-0.050777,0.300004,0.536187
-0.050770,0.300004,0.535851
-0.050763,0.300004,0.535516
-0.050756,0.300004,0.535182
-0.050749,0.300004,0.534850
-0.050741,0.300004,0.534519
-0.050734,0.300004,0.534190
-0.050727,0.300004,0.533861
-0.050720,0.300004,0.533535
-0.050713,0.300004,0.533209
-0.050706,0.300004,0.532885
-0.050699,0.300004,0.532563
-0.050693,0.300004,0.532241
-0.050686,0.300004,0.531922
-0.050679,0.300004,0.531603
-0.050672,0.300004,0.531286
-0.050665,0.300003,0.530971
-0.050658,0.300003,0.530657
-0.050652,0.300003,0.530344
-0.050645,0.300003,0.530033
-0.050638,0.300003,0.529723
-0.050632,0.300003,0.529415
-0.050625,0.300003,0.529108
-0.050619,0.300003,0.528803
-0.050612,0.300003,0.528499
-0.050606,0.300003,0.528197
-0.050599,0.300003,0.527896
-0.050593,0.300003,0.527597
-0.050586,0.300003,0.527299
-0.050580,0.300003,0.527003
-0.050574,0.300003,0.526708
-0.050567,0.300003,0.526415
-0.050561,0.300003,0.526123
-0.050555,0.300003,0.525833
-0.050549,0.300003,0.525545
-0.050543,0.300003,0.525258
-0.050536,0.300003,0.524972
-0.050530,0.300003,0.524689
-0.050524,0.300003,0.524406
-0.050518,0.300003,0.524126
-0.050512,0.300003,0.523847
-0.050506,0.300003,0.523569
-0.050500,0.300003,0.523293
-0.050494,0.300003,0.523019
-0.050489,0.300003,0.522746
-0.050483,0.300003,0.522475
-0.050477,0.300003,0.522206
-0.050471,0.300002,0.521938
-0.050465,0.300002,0.521671
-0.050460,0.300002,0.521407
-0.050454,0.300002,0.521144
-0.050449,0.300002,0.520883
-0.050443,0.300002,0.520623
-0.050437,0.300002,0.520365
-0.050432,0.300002,0.520109
-0.050426,0.300002,0.519854
-0.050421,0.300002,0.519601
-0.050416,0.300002,0.519349
-0.050410,0.300002,0.519100
-0.050405,0.300002,0.518852
-0.050400,0.300002,0.518605
-0.050394,0.300002,0.518360
-0.050389,0.300002,0.518117
-0.050384,0.300002,0.517876
-0.050379,0.300002,0.517636
-0.050374,0.300002,0.517398
-0.050369,0.300002,0.517162
-0.050364,0.300002,0.516928
-0.050359,0.300002,0.516695
-0.050354,0.300002,0.516464
-0.050349,0.300002,0.516234
-0.050344,0.300002,0.516006
-0.050339,0.300002,0.515780
-0.050334,0.300002,0.515556
-0.050329,0.300002,0.515333
-0.050325,0.300002,0.515112
-0.050320,0.300002,0.514893
-0.050315,0.300002,0.514676
-0.050311,0.300002,0.514460
-0.050306,0.300002,0.514246
-0.050301,0.300002,0.514034
-0.050297,0.300002,0.513823
-0.050292,0.300002,0.513614
-0.050288,0.300002,0.513407
-0.050284,0.300001,0.513202
-0.050279,0.300001,0.512998
-0.050275,0.300001,0.512796
-0.050271,0.300001,0.512596
-0.050266,0.300001,0.512397
-0.050262,0.300001,0.512201
-0.050258,0.300001,0.512006
-0.050254,0.300001,0.511812
-0.050250,0.300001,0.511621
-0.050246,0.300001,0.511431
-0.050241,0.300001,0.511243
-0.050237,0.300001,0.511057
-0.050234,0.300001,0.510872
-0.050230,0.300001,0.510689
-0.050226,0.300001,0.510508
-0.050222,0.300001,0.510329
-0.050218,0.300001,0.510151
-0.050214,0.300001,0.509976
-0.050211,0.300001,0.509801
-0.050207,0.300001,0.509629
-0.050203,0.300001,0.509458
-0.050200,0.300001,0.509289
-0.050196,0.300001,0.509122
-0.050192,0.300001,0.508957
-0.050189,0.300001,0.508793
-0.050185,0.300001,0.508631
-0.050182,0.300001,0.508470
-0.050179,0.300001,0.508312
-0.050175,0.300001,0.508155
-0.050172,0.300001,0.508000
-0.050169,0.300001,0.507846
-0.050165,0.300001,0.507695
-0.050162,0.300001,0.507545
-0.050159,0.300001,0.507396
-0.050156,0.300001,0.507250
-0.050153,0.300001,0.507105
-0.050150,0.300001,0.506962
-0.050146,0.300001,0.506820
-0.050143,0.300001,0.506680
-0.050141,0.300001,0.506542
-0.050138,0.300001,0.506406
-0.050135,0.300001,0.506271
-0.050132,0.300001,0.506138
-0.050129,0.300001,0.506006
-0.050126,0.300001,0.505877
-0.050123,0.300001,0.505749
-0.050121,0.300001,0.505622
-0.050118,0.300001,0.505497
-0.050115,0.300001,0.505374
-0.050113,0.300001,0.505253
-0.050110,0.300001,0.505133
-0.050108,0.300001,0.505015
-0.050105,0.300001,0.504898
-0.050103,0.300001,0.504783
-0.050100,0.300001,0.504670
-0.050098,0.300001,0.504559
-0.050096,0.300001,0.504449
-0.050093,0.300000,0.504340
-0.050091,0.300000,0.504233
-0.050089,0.300000,0.504128
-0.050086,0.300000,0.504024
-0.050084,0.300000,0.503922
-0.050082,0.300000,0.503822
-0.050080,0.300000,0.503723
-0.050078,0.300000,0.503626
-0.050076,0.300000,0.503530
-0.050074,0.300000,0.503436
-0.050072,0.300000,0.503343
-0.050070,0.300000,0.503252
-0.050068,0.300000,0.503162
-0.050066,0.300000,0.503074
-0.050064,0.300000,0.502987
-0.050062,0.300000,0.502902
-0.050061,0.300000,0.502819
-0.050059,0.300000,0.502737
-0.050057,0.300000,0.502656
-0.050055,0.300000,0.502577
-0.050054,0.300000,0.502499
-0.050052,0.300000,0.502423
-0.050050,0.300000,0.502348
-0.050049,0.300000,0.502275
-0.050047,0.300000,0.502203
-0.050046,0.300000,0.502133
-0.050044,0.300000,0.502064
-0.050043,0.300000,0.501996
-0.050041,0.300000,0.501930
-0.050040,0.300000,0.501865
-0.050039,0.300000,0.501801
-0.050037,0.300000,0.501739
-0.050036,0.300000,0.501678
-0.050035,0.300000,0.501619
-0.050034,0.300000,0.501561
-0.050032,0.300000,0.501504
-0.050031,0.300000,0.501449
-0.050030,0.300000,0.501394
-0.050029,0.300000,0.501341
-0.050028,0.300000,0.501290
-0.050027,0.300000,0.501240
-0.050026,0.300000,0.501190
-0.050025,0.300000,0.501143
-0.050024,0.300000,0.501096
-0.050023,0.300000,0.501051
-0.050022,0.300000,0.501006
-0.050021,0.300000,0.500963
-0.050020,0.300000,0.500922
-0.050019,0.300000,0.500881
-0.050018,0.300000,0.500841
-0.050017,0.300000,0.500803
-0.050016,0.300000,0.500766
-0.050016,0.300000,0.500730
-0.050015,0.300000,0.500695
-0.050014,0.300000,0.500661
-0.050013,0.300000,0.500628
-0.050013,0.300000,0.500596
-0.050012,0.300000,0.500565
-0.050012,0.300000,0.500536
-0.050011,0.300000,0.500507
-0.050010,0.300000,0.500479
-0.050010,0.300000,0.500453
-0.050009,0.300000,0.500427
-0.050009,0.300000,0.500402
-0.050008,0.300000,0.500378
-0.050008,0.300000,0.500355
-0.050007,0.300000,0.500333
-0.050007,0.300000,0.500312
-0.050006,0.300000,0.500292
-0.050006,0.300000,0.500273
-0.050005,0.300000,0.500254
-0.050005,0.300000,0.500237
-0.050005,0.300000,0.500220
-0.050004,0.300000,0.500204
-0.050004,0.300000,0.500188
-0.050004,0.300000,0.500174
-0.050003,0.300000,0.500160
-0.050003,0.300000,0.500147
-0.050003,0.300000,0.500135
-0.050003,0.300000,0.500123
-0.050002,0.300000,0.500112
-0.050002,0.300000,0.500102
-0.050002,0.300000,0.500092
-0.050002,0.300000,0.500083
-0.050002,0.300000,0.500075
-0.050001,0.300000,0.500067
-0.050001,0.300000,0.500060
-0.050001,0.300000,0.500053
-0.050001,0.300000,0.500047
-0.050001,0.300000,0.500041
-0.050001,0.300000,0.500036
-0.050001,0.300000,0.500031
-0.050001,0.300000,0.500026
-0.050000,0.300000,0.500023
-0.050000,0.300000,0.500019
-0.050000,0.300000,0.500016
-0.050000,0.300000,0.500013
-0.050000,0.300000,0.500011
-0.050000,0.300000,0.500009
-0.050000,0.300000,0.500007
-0.050000,0.300000,0.500005
-0.050000,0.300000,0.500004
-0.050000,0.300000,0.500003
-0.050000,0.300000,0.500002
-0.050000,0.300000,0.500001
-0.050000,0.300000,0.500001
-0.050000,0.300000,0.500000
-0.050000,0.300000,0.500000
-0.050000,0.300000,0.500000
-0.050000,0.300000,0.500000
-0.050000,0.300000,0.500000
