x,y,z
-0.053588,0.300419,0.502705
-0.053588,0.300419,0.502705
-0.053588,0.300419,0.502705
-0.053588,0.300419,0.502705
-0.053588,0.300419,0.502705
-0.053588,0.300419,0.502705
-0.053588,0.300419,0.502705
-0.053588,0.300419,0.502705
-0.053588,0.300419,0.502705
-0.053588,0.300419,0.502705
-0.053588,0.300419,0.502705
-0.053588,0.300419,0.502705
-0.053588,0.300419,0.502705
-0.053588,0.300419,0.502705
-0.053588,0.300419,0.502705
-0.053588,0.300419,0.502705
-0.053587,0.300419,0.502705
-0.053587,0.300419,0.502705
-0.053587,0.300419,0.502705
-0.053587,0.300419,0.502705
-0.053587,0.300419,0.502705
-0.053587,0.300419,0.502705
-0.053587,0.300419,0.502705
-0.053587,0.300419,0.502705
-0.053587,0.300419,0.502705
-0.053587,0.300419,0.502705
-0.053587,0.300419,0.502705
-0.053587,0.300419,0.502705
-0.053587,0.300419,0.502705
-0.053587,0.300419,0.502705
-0.053587,0.300419,0.502705
-0.053587,0.300419,0.502705
-0.053587,0.300419,0.502704
-0.053586,0.300419,0.502704
-0.053586,0.300419,0.502704
-0.053586,0.300419,0.502704
-0.053586,0.300419,0.502704
-0.053586,0.300419,0.502704
-0.053586,0.300419,0.502704
-0.053586,0.300419,0.502704
-0.053585,0.300419,0.502704
-0.053585,0.300419,0.502704
-0.053585,0.300419,0.502703
-0.053585,0.300419,0.502703
-0.053585,0.300419,0.502703
-0.053585,0.300419,0.502703
-0.053584,0.300419,0.502703
-0.053584,0.300419,0.502703
-0.053584,0.300419,0.502703
-0.053584,0.300419,0.502702
-0.053583,0.300419,0.502702
-0.053583,0.300419,0.502702
-0.053583,0.300419,0.502702
-0.053583,0.300419,0.502702
-0.053582,0.300418,0.502701
-0.053582,0.300418,0.502701
-0.053582,0.300418,0.502701
-0.053582,0.300418,0.502701
-0.053581,0.300418,0.502701
-0.053581,0.300418,0.502700
-0.053581,0.300418,0.502700
-0.053580,0.300418,0.502700
-0.053580,0.300418,0.502699
-0.053579,0.300418,0.502699
-0.053579,0.300418,0.502699
-0.053579,0.300418,0.502699
-0.053578,0.300418,0.502698
-0.053578,0.300418,0.502698
-0.053577,0.300418,0.502698
-0.053577,0.300418,0.502697
-0.053577,0.300418,0.502697
-0.053576,0.300418,0.502697
-0.053576,0.300418,0.502696
-0.053575,0.300418,0.502696
-0.053575,0.300418,0.502696
-0.053574,0.300418,0.502695
-0.053574,0.300417,0.502695
-0.053573,0.300417,0.502694
-0.053573,0.300417,0.502694
-0.053572,0.300417,0.502694
-0.053571,0.300417,0.502693
-0.053571,0.300417,0.502693
-0.053570,0.300417,0.502692
-0.053570,0.300417,0.502692
-0.053569,0.300417,0.502691
-0.053568,0.300417,0.502691
-0.053568,0.300417,0.502690
-0.053567,0.300417,0.502690
-0.053566,0.300417,0.502689
-0.053566,0.300417,0.502689
-0.053565,0.300416,0.502688
-0.053564,0.300416,0.502688
-0.053563,0.300416,0.502687
-0.053563,0.300416,0.502687
-0.053562,0.300416,0.502686
-0.053561,0.300416,0.502685
-0.053560,0.300416,0.502685
-0.053559,0.300416,0.502684
-0.053559,0.300416,0.502683
-0.053558,0.300416,0.502683
-0.053557,0.300416,0.502682
-0.053556,0.300415,0.502682
-0.053555,0.300415,0.502681
-0.053554,0.300415,0.502680
-0.053553,0.300415,0.502679
-0.053552,0.300415,0.502679
-0.053551,0.300415,0.502678
-0.053550,0.300415,0.502677
-0.053549,0.300415,0.502677
-0.053548,0.300415,0.502676
-0.053547,0.300414,0.502675
-0.053546,0.300414,0.502674
-0.053545,0.300414,0.502673
-0.053544,0.300414,0.502673
-0.053543,0.300414,0.502672
-0.053542,0.300414,0.502671
-0.053541,0.300414,0.502670
-0.053540,0.300414,0.502669
-0.053539,0.300413,0.502668
-0.053537,0.300413,0.502668
-0.053536,0.300413,0.502667
-0.053535,0.300413,0.502666
-0.053534,0.300413,0.502665
-0.053533,0.300413,0.502664
-0.053531,0.300413,0.502663
-0.053530,0.300412,0.502662
-0.053529,0.300412,0.502661
-0.053527,0.300412,0.502660
-0.053526,0.300412,0.502659
-0.053525,0.300412,0.502658
-0.053523,0.300412,0.502657
-0.053522,0.300411,0.502656
-0.053521,0.300411,0.502655
-0.053519,0.300411,0.502654
-0.053518,0.300411,0.502653
-0.053516,0.300411,0.502652
-0.053515,0.300411,0.502650
-0.053513,0.300410,0.502649
-0.053512,0.300410,0.502648
-0.053510,0.300410,0.502647
-0.053509,0.300410,0.502646
-0.053507,0.300410,0.502645
-0.053506,0.300410,0.502643
-0.053504,0.300409,0.502642
-0.053502,0.300409,0.502641
-0.053501,0.300409,0.502640
-0.053499,0.300409,0.502639
-0.053497,0.300409,0.502637
-0.053496,0.300408,0.502636
-0.053494,0.300408,0.502635
-0.053492,0.300408,0.502633
-0.053490,0.300408,0.502632
-0.053489,0.300408,0.502631
-0.053487,0.300407,0.502629
-0.053485,0.300407,0.502628
-0.053483,0.300407,0.502627
-0.053481,0.300407,0.502625
-0.053479,0.300406,0.502624
-0.053478,0.300406,0.502622
-0.053476,0.300406,0.502621
-0.053474,0.300406,0.502619
-0.053472,0.300406,0.502618
-0.053470,0.300405,0.502616
-0.053468,0.300405,0.502615
-0.053466,0.300405,0.502613
-0.053464,0.300405,0.502612
-0.053462,0.300404,0.502610
-0.053460,0.300404,0.502609
-0.053458,0.300404,0.502607
-0.053455,0.300404,0.502606
-0.053453,0.300403,0.502604
-0.053451,0.300403,0.502602
-0.053449,0.300403,0.502601
-0.053447,0.300403,0.502599
-0.053445,0.300402,0.502597
-0.053442,0.300402,0.502596
-0.053440,0.300402,0.502594
-0.053438,0.300402,0.502592
-0.053435,0.300401,0.502591
-0.053433,0.300401,0.502589
-0.053431,0.300401,0.502587
-0.053428,0.300401,0.502585
-0.053426,0.300400,0.502584
-0.053424,0.300400,0.502582
-0.053421,0.300400,0.502580
-0.053419,0.300399,0.502578
-0.053416,0.300399,0.502576
-0.053414,0.300399,0.502574
-0.053411,0.300399,0.502572
-0.053409,0.300398,0.502571
-0.053406,0.300398,0.502569
-0.053404,0.300398,0.502567
-0.053401,0.300397,0.502565
-0.053399,0.300397,0.502563
-0.053396,0.300397,0.502561
-0.053393,0.300396,0.502559
-0.053391,0.300396,0.502557
-0.053388,0.300396,0.502555
-0.053385,0.300395,0.502553
-0.053383,0.300395,0.502551
-0.053380,0.300395,0.502549
-0.053377,0.300395,0.502547
-0.053374,0.300394,0.502544
-0.053371,0.300394,0.502542
-0.053369,0.300394,0.502540
-0.053366,0.300393,0.502538
-0.053363,0.300393,0.502536
-0.053360,0.300393,0.502534
-0.053357,0.300392,0.502532
-0.053354,0.300392,0.502529
-0.053351,0.300391,0.502527
-0.053348,0.300391,0.502525
-0.053345,0.300391,0.502523
-0.053342,0.300390,0.502520
-0.053339,0.300390,0.502518
-0.053336,0.300390,0.502516
-0.053333,0.300389,0.502513
-0.053330,0.300389,0.502511
-0.053327,0.300389,0.502509
-0.053324,0.300388,0.502506
-0.053321,0.300388,0.502504
-0.053317,0.300388,0.502502
-0.053314,0.300387,0.502499
-0.053311,0.300387,0.502497
-0.053308,0.300386,0.502494
-0.053304,0.300386,0.502492
-0.053301,0.300386,0.502489
-0.053298,0.300385,0.502487
-0.053295,0.300385,0.502484
-0.053291,0.300384,0.502482
-0.053288,0.300384,0.502479
-0.053284,0.300384,0.502477
-0.053281,0.300383,0.502474
-0.053278,0.300383,0.502472
-0.053274,0.300382,0.502469
-0.053271,0.300382,0.502466
-0.053267,0.300382,0.502464
-0.053264,0.300381,0.502461
-0.053260,0.300381,0.502458
-0.053257,0.300380,0.502456
-0.053253,0.300380,0.502453
-0.053249,0.300380,0.502450
-0.053246,0.300379,0.502448
-0.053242,0.300379,0.502445
-0.053239,0.300378,0.502442
-0.053235,0.300378,0.502439
-0.053231,0.300377,0.502437
-0.053228,0.300377,0.502434
-0.053224,0.300377,0.502431
-0.053220,0.300376,0.502428
-0.053216,0.300376,0.502425
-0.053212,0.300375,0.502422
-0.053209,0.300375,0.502420
-0.053205,0.300374,0.502417
-0.053201,0.300374,0.502414
-0.053197,0.300373,0.502411
-0.053193,0.300373,0.502408
-0.053189,0.300373,0.502405
-0.053185,0.300372,0.502402
-0.053181,0.300372,0.502399
-0.053177,0.300371,0.502396
-0.053173,0.300371,0.502393
-0.053169,0.300370,0.502390
-0.053165,0.300370,0.502387
-0.053161,0.300369,0.502384
-0.053157,0.300369,0.502381
-0.053153,0.300368,0.502378
-0.053149,0.300368,0.502375
-0.053145,0.300367,0.502371
-0.053141,0.300367,0.502368
-0.053137,0.300366,0.502365
-0.053132,0.300366,0.502362
-0.053128,0.300365,0.502359
-0.053124,0.300365,0.502356
-0.053120,0.300364,0.502352
-0.053115,0.300364,0.502349
-0.053111,0.300363,0.502346
-0.053107,0.300363,0.502343
-0.053103,0.300362,0.502340
-0.053098,0.300362,0.502336
-0.053094,0.300361,0.502333
-0.053089,0.300361,0.502330
-0.053085,0.300360,0.502326
-0.053081,0.300360,0.502323
-0.053076,0.300359,0.502320
-0.053072,0.300359,0.502316
-0.053067,0.300358,0.502313
-0.053063,0.300358,0.502310
-0.053058,0.300357,0.502306
-0.053054,0.300357,0.502303
-0.053049,0.300356,0.502299
-0.053045,0.300356,0.502296
-0.053040,0.300355,0.502292
-0.053035,0.300355,0.502289
-0.053031,0.300354,0.502285
-0.053026,0.300354,0.502282
-0.053021,0.300353,0.502278
-0.053017,0.300352,0.502275
-0.053012,0.300352,0.502271
-0.053007,0.300351,0.502268
-0.053003,0.300351,0.502264
-0.052998,0.300350,0.502261
-0.052993,0.300350,0.502257
-0.052988,0.300349,0.502253
-0.052983,0.300349,0.502250
-0.052979,0.300348,0.502246
-0.052974,0.300347,0.502242
-0.052969,0.300347,0.502239
-0.052964,0.300346,0.502235
-0.052959,0.300346,0.502231
-0.052954,0.300345,0.502228
-0.052949,0.300345,0.502224
-0.052944,0.300344,0.502220
-0.052939,0.300343,0.502216
-0.052934,0.300343,0.502213
-0.052929,0.300342,0.502209
-0.052924,0.300342,0.502205
-0.052919,0.300341,0.502201
-0.052914,0.300340,0.502198
-0.052909,0.300340,0.502194
-0.052904,0.300339,0.502190
-0.052899,0.300339,0.502186
-0.052894,0.300338,0.502182
-0.052889,0.300337,0.502178
-0.052884,0.300337,0.502174
-0.052878,0.300336,0.502171
-0.052873,0.300336,0.502167
-0.052868,0.300335,0.502163
-0.052863,0.300334,0.502159
-0.052858,0.300334,0.502155
-0.052852,0.300333,0.502151
-0.052847,0.300333,0.502147
-0.052842,0.300332,0.502143
-0.052836,0.300331,0.502139
-0.052831,0.300331,0.502135
-0.052826,0.300330,0.502131
-0.052820,0.300329,0.502127
-0.052815,0.300329,0.502123
-0.052810,0.300328,0.502119
-0.052804,0.300328,0.502115
-0.052799,0.300327,0.502111
-0.052793,0.300326,0.502106
-0.052788,0.300326,0.502102
-0.052783,0.300325,0.502098
-0.052777,0.300324,0.502094
-0.052772,0.300324,0.502090
-0.052766,0.300323,0.502086
-0.052761,0.300322,0.502082
-0.052755,0.300322,0.502078
-0.052749,0.300321,0.502073
-0.052744,0.300321,0.502069
-0.052738,0.300320,0.502065
-0.052733,0.300319,0.502061
-0.052727,0.300319,0.502056
-0.052722,0.300318,0.502052
-0.052716,0.300317,0.502048
-0.052710,0.300317,0.502044
-0.052705,0.300316,0.502039
-0.052699,0.300315,0.502035
-0.052693,0.300315,0.502031
-0.052688,0.300314,0.502027
-0.052682,0.300313,0.502022
-0.052676,0.300313,0.502018
-0.052670,0.300312,0.502014
-0.052665,0.300311,0.502009
-0.052659,0.300311,0.502005
-0.052653,0.300310,0.502001
-0.052647,0.300309,0.501996
-0.052641,0.300309,0.501992
-0.052636,0.300308,0.501987
-0.052630,0.300307,0.501983
-0.052624,0.300307,0.501979
-0.052618,0.300306,0.501974
-0.052612,0.300305,0.501970
-0.052606,0.300304,0.501965
-0.052600,0.300304,0.501961
-0.052594,0.300303,0.501956
-0.052588,0.300302,0.501952
-0.052582,0.300302,0.501947
-0.052577,0.300301,0.501943
-0.052571,0.300300,0.501938
-0.052565,0.300300,0.501934
-0.052559,0.300299,0.501929
-0.052553,0.300298,0.501925
-0.052547,0.300297,0.501920
-0.052541,0.300297,0.501916
-0.052535,0.300296,0.501911
-0.052528,0.300295,0.501907
-0.052522,0.300295,0.501902
-0.052516,0.300294,0.501897
-0.052510,0.300293,0.501893
-0.052504,0.300293,0.501888
-0.052498,0.300292,0.501884
-0.052492,0.300291,0.501879
-0.052486,0.300290,0.501874
-0.052480,0.300290,0.501870
-0.052473,0.300289,0.501865
-0.052467,0.300288,0.501861
-0.052461,0.300288,0.501856
-0.052455,0.300287,0.501851
-0.052449,0.300286,0.501847
-0.052443,0.300285,0.501842
-0.052436,0.300285,0.501837
-0.052430,0.300284,0.501832
-0.052424,0.300283,0.501828
-0.052418,0.300282,0.501823
-0.052411,0.300282,0.501818
-0.052405,0.300281,0.501814
-0.052399,0.300280,0.501809
-0.052393,0.300279,0.501804
-0.052386,0.300279,0.501799
-0.052380,0.300278,0.501795
-0.052374,0.300277,0.501790
-0.052367,0.300277,0.501785
-0.052361,0.300276,0.501780
-0.052355,0.300275,0.501776
-0.052348,0.300274,0.501771
-0.052342,0.300274,0.501766
-0.052336,0.300273,0.501761
-0.052329,0.300272,0.501756
-0.052323,0.300271,0.501752
-0.052316,0.300271,0.501747
-0.052310,0.300270,0.501742
-0.052304,0.300269,0.501737
-0.052297,0.300268,0.501732
-0.052291,0.300268,0.501727
-0.052284,0.300267,0.501723
-0.052278,0.300266,0.501718
-0.052271,0.300265,0.501713
-0.052265,0.300265,0.501708
-0.052259,0.300264,0.501703
-0.052252,0.300263,0.501698
-0.052246,0.300262,0.501693
-0.052239,0.300262,0.501688
-0.052233,0.300261,0.501684
-0.052226,0.300260,0.501679
-0.052220,0.300259,0.501674
-0.052213,0.300259,0.501669
-0.052207,0.300258,0.501664
-0.052200,0.300257,0.501659
-0.052194,0.300256,0.501654
-0.052187,0.300255,0.501649
-0.052180,0.300255,0.501644
-0.052174,0.300254,0.501639
-0.052167,0.300253,0.501634
-0.052161,0.300252,0.501629
-0.052154,0.300252,0.501624
-0.052148,0.300251,0.501620
-0.052141,0.300250,0.501615
-0.052135,0.300249,0.501610
-0.052128,0.300249,0.501605
-0.052121,0.300248,0.501600
-0.052115,0.300247,0.501595
-0.052108,0.300246,0.501590
-0.052102,0.300245,0.501585
-0.052095,0.300245,0.501580
-0.052088,0.300244,0.501575
-0.052082,0.300243,0.501570
-0.052075,0.300242,0.501565
-0.052068,0.300242,0.501560
-0.052062,0.300241,0.501555
-0.052055,0.300240,0.501550
-0.052048,0.300239,0.501545
-0.052042,0.300239,0.501540
-0.052035,0.300238,0.501535
-0.052028,0.300237,0.501530
-0.052022,0.300236,0.501525
-0.052015,0.300235,0.501520
-0.052008,0.300235,0.501515
-0.052002,0.300234,0.501510
-0.051995,0.300233,0.501504
-0.051988,0.300232,0.501499
-0.051982,0.300232,0.501494
-0.051975,0.300231,0.501489
-0.051968,0.300230,0.501484
-0.051962,0.300229,0.501479
-0.051955,0.300228,0.501474
-0.051948,0.300228,0.501469
-0.051942,0.300227,0.501464
-0.051935,0.300226,0.501459
-0.051928,0.300225,0.501454
-0.051922,0.300224,0.501449
-0.051915,0.300224,0.501444
-0.051908,0.300223,0.501439
-0.051901,0.300222,0.501434
-0.051895,0.300221,0.501429
-0.051888,0.300221,0.501424
-0.051881,0.300220,0.501419
-0.051875,0.300219,0.501414
-0.051868,0.300218,0.501408
-0.051861,0.300217,0.501403
-0.051854,0.300217,0.501398
-0.051848,0.300216,0.501393
-0.051841,0.300215,0.501388
-0.051834,0.300214,0.501383
-0.051827,0.300213,0.501378
-0.051821,0.300213,0.501373
-0.051814,0.300212,0.501368
-0.051807,0.300211,0.501363
-0.051801,0.300210,0.501358
-0.051794,0.300210,0.501353
-0.051787,0.300209,0.501348
-0.051780,0.300208,0.501343
-0.051774,0.300207,0.501337
-0.051767,0.300206,0.501332
-0.051760,0.300206,0.501327
-0.051753,0.300205,0.501322
-0.051747,0.300204,0.501317
-0.051740,0.300203,0.501312
-0.051733,0.300202,0.501307
-0.051727,0.300202,0.501302
-0.051720,0.300201,0.501297
-0.051713,0.300200,0.501292
-0.051706,0.300199,0.501287
-0.051700,0.300199,0.501282
-0.051693,0.300198,0.501277
-0.051686,0.300197,0.501272
-0.051680,0.300196,0.501267
-0.051673,0.300195,0.501261
-0.051666,0.300195,0.501256
-0.051659,0.300194,0.501251
-0.051653,0.300193,0.501246
-0.051646,0.300192,0.501241
-0.051639,0.300192,0.501236
-0.051633,0.300191,0.501231
-0.051626,0.300190,0.501226
-0.051619,0.300189,0.501221
-0.051613,0.300188,0.501216
-0.051606,0.300188,0.501211
-0.051599,0.300187,0.501206
-0.051592,0.300186,0.501201
-0.051586,0.300185,0.501196
-0.051579,0.300184,0.501191
-0.051572,0.300184,0.501186
-0.051566,0.300183,0.501181
-0.051559,0.300182,0.501176
-0.051552,0.300181,0.501171
-0.051546,0.300181,0.501166
-0.051539,0.300180,0.501161
-0.051533,0.300179,0.501156
-0.051526,0.300178,0.501151
-0.051519,0.300177,0.501146
-0.051513,0.300177,0.501141
-0.051506,0.300176,0.501136
-0.051499,0.300175,0.501131
-0.051493,0.300174,0.501126
-0.051486,0.300174,0.501121
-0.051480,0.300173,0.501116
-0.051473,0.300172,0.501111
-0.051466,0.300171,0.501106
-0.051460,0.300171,0.501101
-0.051453,0.300170,0.501096
-0.051447,0.300169,0.501091
-0.051440,0.300168,0.501086
-0.051433,0.300167,0.501081
-0.051427,0.300167,0.501076
-0.051420,0.300166,0.501071
-0.051414,0.300165,0.501066
-0.051407,0.300164,0.501061
-0.051401,0.300164,0.501056
-0.051394,0.300163,0.501051
-0.051388,0.300162,0.501046
-0.051381,0.300161,0.501041
-0.051374,0.300161,0.501036
-0.051368,0.300160,0.501032
-0.051361,0.300159,0.501027
-0.051355,0.300158,0.501022
-0.051348,0.300158,0.501017
-0.051342,0.300157,0.501012
-0.051336,0.300156,0.501007
-0.051329,0.300155,0.501002
-0.051323,0.300155,0.500997
-0.051316,0.300154,0.500992
-0.051310,0.300153,0.500988
-0.051303,0.300152,0.500983
-0.051297,0.300151,0.500978
-0.051290,0.300151,0.500973
-0.051284,0.300150,0.500968
-0.051278,0.300149,0.500963
-0.051271,0.300148,0.500959
-0.051265,0.300148,0.500954
-0.051258,0.300147,0.500949
-0.051252,0.300146,0.500944
-0.051246,0.300146,0.500939
-0.051239,0.300145,0.500935
-0.051233,0.300144,0.500930
-0.051227,0.300143,0.500925
-0.051220,0.300143,0.500920
-0.051214,0.300142,0.500915
-0.051208,0.300141,0.500911
-0.051201,0.300140,0.500906
-0.051195,0.300140,0.500901
-0.051189,0.300139,0.500896
-0.051183,0.300138,0.500892
-0.051176,0.300137,0.500887
-0.051170,0.300137,0.500882
-0.051164,0.300136,0.500878
-0.051158,0.300135,0.500873
-0.051151,0.300134,0.500868
-0.051145,0.300134,0.500863
-0.051139,0.300133,0.500859
-0.051133,0.300132,0.500854
-0.051126,0.300132,0.500849
-0.051120,0.300131,0.500845
-0.051114,0.300130,0.500840
-0.051108,0.300129,0.500836
-0.051102,0.300129,0.500831
-0.051096,0.300128,0.500826
-0.051090,0.300127,0.500822
-0.051083,0.300127,0.500817
-0.051077,0.300126,0.500812
-0.051071,0.300125,0.500808
-0.051065,0.300124,0.500803
-0.051059,0.300124,0.500799
-0.051053,0.300123,0.500794
-0.051047,0.300122,0.500790
-0.051041,0.300122,0.500785
-0.051035,0.300121,0.500780
-0.051029,0.300120,0.500776
-0.051023,0.300120,0.500771
-0.051017,0.300119,0.500767
-0.051011,0.300118,0.500762
-0.051005,0.300117,0.500758
-0.050999,0.300117,0.500753
-0.050993,0.300116,0.500749
-0.050987,0.300115,0.500745
-0.050981,0.300115,0.500740
-0.050976,0.300114,0.500736
-0.050970,0.300113,0.500731
-0.050964,0.300113,0.500727
-0.050958,0.300112,0.500722
-0.050952,0.300111,0.500718
-0.050946,0.300111,0.500714
-0.050940,0.300110,0.500709
-0.050935,0.300109,0.500705
-0.050929,0.300109,0.500700
-0.050923,0.300108,0.500696
-0.050917,0.300107,0.500692
-0.050912,0.300106,0.500687
-0.050906,0.300106,0.500683
-0.050900,0.300105,0.500679
-0.050894,0.300104,0.500674
-0.050889,0.300104,0.500670
-0.050883,0.300103,0.500666
-0.050877,0.300102,0.500662
-0.050872,0.300102,0.500657
-0.050866,0.300101,0.500653
-0.050860,0.300101,0.500649
-0.050855,0.300100,0.500645
-0.050849,0.300099,0.500640
-0.050844,0.300099,0.500636
-0.050838,0.300098,0.500632
-0.050833,0.300097,0.500628
-0.050827,0.300097,0.500624
-0.050822,0.300096,0.500620
-0.050816,0.300095,0.500615
-0.050811,0.300095,0.500611
-0.050805,0.300094,0.500607
-0.050800,0.300093,0.500603
-0.050794,0.300093,0.500599
-0.050789,0.300092,0.500595
-0.050783,0.300092,0.500591
-0.050778,0.300091,0.500587
-0.050773,0.300090,0.500583
-0.050767,0.300090,0.500579
-0.050762,0.300089,0.500574
-0.050757,0.300088,0.500570
-0.050751,0.300088,0.500566
-0.050746,0.300087,0.500562
-0.050741,0.300087,0.500558
-0.050735,0.300086,0.500554
-0.050730,0.300085,0.500551
-0.050725,0.300085,0.500547
-0.050720,0.300084,0.500543
-0.050714,0.300083,0.500539
-0.050709,0.300083,0.500535
-0.050704,0.300082,0.500531
-0.050699,0.300082,0.500527
-0.050694,0.300081,0.500523
-0.050689,0.300080,0.500519
-0.050684,0.300080,0.500515
-0.050678,0.300079,0.500512
-0.050673,0.300079,0.500508
-0.050668,0.300078,0.500504
-0.050663,0.300077,0.500500
-0.050658,0.300077,0.500496
-0.050653,0.300076,0.500493
-0.050648,0.300076,0.500489
-0.050643,0.300075,0.500485
-0.050638,0.300075,0.500481
-0.050633,0.300074,0.500478
-0.050629,0.300073,0.500474
-0.050624,0.300073,0.500470
-0.050619,0.300072,0.500467
-0.050614,0.300072,0.500463
-0.050609,0.300071,0.500459
-0.050604,0.300071,0.500456
-0.050599,0.300070,0.500452
-0.050595,0.300069,0.500448
-0.050590,0.300069,0.500445
-0.050585,0.300068,0.500441
-0.050580,0.300068,0.500438
-0.050576,0.300067,0.500434
-0.050571,0.300067,0.500431
-0.050566,0.300066,0.500427
-0.050562,0.300066,0.500423
-0.050557,0.300065,0.500420
-0.050552,0.300065,0.500416
-0.050548,0.300064,0.500413
-0.050543,0.300063,0.500410
-0.050539,0.300063,0.500406
-0.050534,0.300062,0.500403
-0.050529,0.300062,0.500399
-0.050525,0.300061,0.500396
-0.050520,0.300061,0.500392
-0.050516,0.300060,0.500389
-0.050511,0.300060,0.500386
-0.050507,0.300059,0.500382
-0.050503,0.300059,0.500379
-0.050498,0.300058,0.500376
-0.050494,0.300058,0.500372
-0.050489,0.300057,0.500369
-0.050485,0.300057,0.500366
-0.050481,0.300056,0.500363
-0.050476,0.300056,0.500359
-0.050472,0.300055,0.500356
-0.050468,0.300055,0.500353
-0.050464,0.300054,0.500350
-0.050459,0.300054,0.500346
-0.050455,0.300053,0.500343
-0.050451,0.300053,0.500340
-0.050447,0.300052,0.500337
-0.050443,0.300052,0.500334
-0.050439,0.300051,0.500331
-0.050434,0.300051,0.500328
-0.050430,0.300050,0.500325
-0.050426,0.300050,0.500321
-0.050422,0.300049,0.500318
-0.050418,0.300049,0.500315
-0.050414,0.300048,0.500312
-0.050410,0.300048,0.500309
-0.050406,0.300047,0.500306
-0.050402,0.300047,0.500303
-0.050398,0.300047,0.500300
-0.050394,0.300046,0.500297
-0.050391,0.300046,0.500295
-0.050387,0.300045,0.500292
-0.050383,0.300045,0.500289
-0.050379,0.300044,0.500286
-0.050375,0.300044,0.500283
-0.050371,0.300043,0.500280
-0.050368,0.300043,0.500277
-0.050364,0.300043,0.500274
-0.050360,0.300042,0.500272
-0.050356,0.300042,0.500269
-0.050353,0.300041,0.500266
-0.050349,0.300041,0.500263
-0.050345,0.300040,0.500260
-0.050342,0.300040,0.500258
-0.050338,0.300040,0.500255
-0.050335,0.300039,0.500252
-0.050331,0.300039,0.500250
-0.050327,0.300038,0.500247
-0.050324,0.300038,0.500244
-0.050320,0.300037,0.500242
-0.050317,0.300037,0.500239
-0.050313,0.300037,0.500236
-0.050310,0.300036,0.500234
-0.050307,0.300036,0.500231
-0.050303,0.300035,0.500229
-0.050300,0.300035,0.500226
-0.050296,0.300035,0.500224
-0.050293,0.300034,0.500221
-0.050290,0.300034,0.500218
-0.050286,0.300033,0.500216
-0.050283,0.300033,0.500214
-0.050280,0.300033,0.500211
-0.050277,0.300032,0.500209
-0.050273,0.300032,0.500206
-0.050270,0.300032,0.500204
-0.050267,0.300031,0.500201
-0.050264,0.300031,0.500199
-0.050261,0.300030,0.500197
-0.050258,0.300030,0.500194
-0.050255,0.300030,0.500192
-0.050251,0.300029,0.500190
-0.050248,0.300029,0.500187
-0.050245,0.300029,0.500185
-0.050242,0.300028,0.500183
-0.050239,0.300028,0.500180
-0.050236,0.300028,0.500178
-0.050233,0.300027,0.500176
-0.050231,0.300027,0.500174
-0.050228,0.300027,0.500172
-0.050225,0.300026,0.500169
-0.050222,0.300026,0.500167
-0.050219,0.300026,0.500165
-0.050216,0.300025,0.500163
-0.050213,0.300025,0.500161
-0.050211,0.300025,0.500159
-0.050208,0.300024,0.500157
-0.050205,0.300024,0.500155
-0.050202,0.300024,0.500153
-0.050200,0.300023,0.500151
-0.050197,0.300023,0.500149
-0.050194,0.300023,0.500146
-0.050192,0.300022,0.500145
-0.050189,0.300022,0.500143
-0.050186,0.300022,0.500141
-0.050184,0.300021,0.500139
-0.050181,0.300021,0.500137
-0.050179,0.300021,0.500135
-0.050176,0.300021,0.500133
-0.050174,0.300020,0.500131
-0.050171,0.300020,0.500129
-0.050169,0.300020,0.500127
-0.050166,0.300019,0.500125
-0.050164,0.300019,0.500124
-0.050162,0.300019,0.500122
-0.050159,0.300019,0.500120
-0.050157,0.300018,0.500118
-0.050154,0.300018,0.500116
-0.050152,0.300018,0.500115
-0.050150,0.300018,0.500113
-0.050148,0.300017,0.500111
-0.050145,0.300017,0.500110
-0.050143,0.300017,0.500108
-0.050141,0.300016,0.500106
-0.050139,0.300016,0.500105
-0.050137,0.300016,0.500103
-0.050134,0.300016,0.500101
-0.050132,0.300015,0.500100
-0.050130,0.300015,0.500098
-0.050128,0.300015,0.500097
-0.050126,0.300015,0.500095
-0.050124,0.300014,0.500093
-0.050122,0.300014,0.500092
-0.050120,0.300014,0.500090
-0.050118,0.300014,0.500089
-0.050116,0.300014,0.500087
-0.050114,0.300013,0.500086
-0.050112,0.300013,0.500084
-0.050110,0.300013,0.500083
-0.050108,0.300013,0.500082
-0.050106,0.300012,0.500080
-0.050104,0.300012,0.500079
-0.050103,0.300012,0.500077
-0.050101,0.300012,0.500076
-0.050099,0.300012,0.500075
-0.050097,0.300011,0.500073
-0.050095,0.300011,0.500072
-0.050094,0.300011,0.500071
-0.050092,0.300011,0.500069
-0.050090,0.300011,0.500068
-0.050089,0.300010,0.500067
-0.050087,0.300010,0.500066
-0.050085,0.300010,0.500064
-0.050084,0.300010,0.500063
-0.050082,0.300010,0.500062
-0.050080,0.300009,0.500061
-0.050079,0.300009,0.500060
-0.050077,0.300009,0.500058
-0.050076,0.300009,0.500057
-0.050074,0.300009,0.500056
-0.050073,0.300009,0.500055
-0.050071,0.300008,0.500054
-0.050070,0.300008,0.500053
-0.050068,0.300008,0.500052
-0.050067,0.300008,0.500051
-0.050066,0.300008,0.500049
-0.050064,0.300008,0.500048
-0.050063,0.300007,0.500047
-0.050062,0.300007,0.500046
-0.050060,0.300007,0.500045
-0.050059,0.300007,0.500044
-0.050058,0.300007,0.500043
-0.050056,0.300007,0.500042
-0.050055,0.300006,0.500042
-0.050054,0.300006,0.500041
-0.050053,0.300006,0.500040
-0.050051,0.300006,0.500039
-0.050050,0.300006,0.500038
-0.050049,0.300006,0.500037
-0.050048,0.300006,0.500036
-0.050047,0.300005,0.500035
-0.050046,0.300005,0.500034
-0.050044,0.300005,0.500034
-0.050043,0.300005,0.500033
-0.050042,0.300005,0.500032
-0.050041,0.300005,0.500031
-0.050040,0.300005,0.500030
-0.050039,0.300005,0.500030
-0.050038,0.300004,0.500029
-0.050037,0.300004,0.500028
-0.050036,0.300004,0.500027
-0.050035,0.300004,0.500027
-0.050034,0.300004,0.500026
-0.050033,0.300004,0.500025
-0.050032,0.300004,0.500024
-0.050032,0.300004,0.500024
-0.050031,0.300004,0.500023
-0.050030,0.300003,0.500023
-0.050029,0.300003,0.500022
-0.050028,0.300003,0.500021
-0.050027,0.300003,0.500021
-0.050027,0.300003,0.500020
-0.050026,0.300003,0.500019
-0.050025,0.300003,0.500019
-0.050024,0.300003,0.500018
-0.050023,0.300003,0.500018
-0.050023,0.300003,0.500017
-0.050022,0.300003,0.500017
-0.050021,0.300002,0.500016
-0.050021,0.300002,0.500016
-0.050020,0.300002,0.500015
-0.050019,0.300002,0.500015
-0.050019,0.300002,0.500014
-0.050018,0.300002,0.500014
-0.050017,0.300002,0.500013
-0.050017,0.300002,0.500013
-0.050016,0.300002,0.500012
-0.050016,0.300002,0.500012
-0.050015,0.300002,0.500011
-0.050015,0.300002,0.500011
-0.050014,0.300002,0.500011
-0.050013,0.300002,0.500010
-0.050013,0.300002,0.500010
-0.050012,0.300001,0.500009
-0.050012,0.300001,0.500009
-0.050012,0.300001,0.500009
-0.050011,0.300001,0.500008
-0.050011,0.300001,0.500008
-0.050010,0.300001,0.500008
-0.050010,0.300001,0.500007
-0.050009,0.300001,0.500007
-0.050009,0.300001,0.500007
-0.050009,0.300001,0.500006
-0.050008,0.300001,0.500006
-0.050008,0.300001,0.500006
-0.050007,0.300001,0.500006
-0.050007,0.300001,0.500005
-0.050007,0.300001,0.500005
-0.050006,0.300001,0.500005
-0.050006,0.300001,0.500005
-0.050006,0.300001,0.500004
-0.050005,0.300001,0.500004
-0.050005,0.300001,0.500004
-0.050005,0.300001,0.500004
-0.050005,0.300001,0.500004
-0.050004,0.300001,0.500003
-0.050004,0.300000,0.500003
-0.050004,0.300000,0.500003
-0.050004,0.300000,0.500003
-0.050003,0.300000,0.500003
-0.050003,0.300000,0.500002
-0.050003,0.300000,0.500002
-0.050003,0.300000,0.500002
-0.050003,0.300000,0.500002
-0.050002,0.300000,0.500002
-0.050002,0.300000,0.500002
-0.050002,0.300000,0.500002
-0.050002,0.300000,0.500002
-0.050002,0.300000,0.500001
-0.050002,0.300000,0.500001
-0.050002,0.300000,0.500001
-0.050001,0.300000,0.500001
-0.050001,0.300000,0.500001
-0.050001,0.300000,0.500001
-0.050001,0.300000,0.500001
-0.050001,0.300000,0.500001
-0.050001,0.300000,0.500001
-0.050001,0.300000,0.500001
-0.050001,0.300000,0.500001
-0.050001,0.300000,0.500001
-0.050001,0.300000,0.500000
-0.050001,0.300000,0.500000
-0.050000,0.300000,0.500000
-0.050000,0.300000,0.500000
-0.050000,0.300000,0.500000
-0.050000,0.300000,0.500000
-0.050000,0.300000,0.500000
-0.050000,0.300000,0.500000
-0.050000,0.300000,0.500000
-0.050000,0.300000,0.500000
-0.050000,0.300000,0.500000
-0.050000,0.300000,0.500000
-0.050000,0.300000,0.500000
-0.050000,0.300000,0.500000
-0.050000,0.300000,0.500000
-0.050000,0.300000,0.500000
-0.050000,0.300000,0.500000
-0.050000,0.300000,0.500000
-0.050000,0.300000,0.500000
-0.050000,0.300000,0.500000
-0.050000,0.300000,0.500000
-0.050000,0.300000,0.500000
-0.050000,0.300000,0.500000
-0.050000,0.300000,0.500000
-0.050000,0.300000,0.500000
-0.050000,0.300000,0.500000
