x,y,z
-0.150907,0.295721,0.504909
-0.150907,0.295721,0.504909
-0.150907,0.295721,0.504909
-0.150907,0.295721,0.504909
-0.150907,0.295721,0.504909
-0.150907,0.295721,0.504909
-0.150907,0.295721,0.504909
-0.150907,0.295721,0.504909
-0.150907,0.295721,0.504909
-0.150907,0.295721,0.504909
-0.150907,0.295721,0.504909
-0.150907,0.295721,0.504909
-0.150907,0.295721,0.504909
-0.150907,0.295721,0.504909
-0.150907,0.295721,0.504909
-0.150907,0.295721,0.504909
-0.150907,0.295721,0.504909
-0.150907,0.295721,0.504909
-0.150907,0.295721,0.504909
-0.150907,0.295721,0.504909
-0.150907,0.295722,0.504908
-0.150907,0.295722,0.504908
-0.150907,0.295722,0.504908
-0.150907,0.295722,0.504908
-0.150907,0.295722,0.504908
-0.150907,0.295722,0.504908
-0.150907,0.295722,0.504907
-0.150907,0.295723,0.504907
-0.150907,0.295723,0.504907
-0.150907,0.295723,0.504907
-0.150907,0.295723,0.504906
-0.150907,0.295724,0.504906
-0.150907,0.295724,0.504906
-0.150906,0.295724,0.504905
-0.150906,0.295724,0.504905
-0.150906,0.295725,0.504905
-0.150906,0.295725,0.504904
-0.150906,0.295726,0.504904
-0.150906,0.295726,0.504903
-0.150906,0.295726,0.504903
-0.150906,0.295727,0.504902
-0.150906,0.295727,0.504902
-0.150906,0.295728,0.504901
-0.150906,0.295728,0.504901
-0.150906,0.295729,0.504900
-0.150905,0.295729,0.504900
-0.150905,0.295730,0.504899
-0.150905,0.295730,0.504898
-0.150905,0.295731,0.504898
-0.150905,0.295732,0.504897
-0.150905,0.295732,0.504896
-0.150905,0.295733,0.504895
-0.150904,0.295734,0.504895
-0.150904,0.295734,0.504894
-0.150904,0.295735,0.504893
-0.150904,0.295736,0.504892
-0.150904,0.295737,0.504891
-0.150904,0.295737,0.504890
-0.150903,0.295738,0.504889
-0.150903,0.295739,0.504888
-0.150903,0.295740,0.504887
-0.150903,0.295741,0.504886
-0.150903,0.295742,0.504885
-0.150902,0.295743,0.504884
-0.150902,0.295744,0.504883
-0.150902,0.295745,0.504881
-0.150902,0.295746,0.504880
-0.150902,0.295747,0.504879
-0.150901,0.295748,0.504878
-0.150901,0.295750,0.504876
-0.150901,0.295751,0.504875
-0.150901,0.295752,0.504873
-0.150900,0.295753,0.504872
-0.150900,0.295755,0.504870
-0.150900,0.295756,0.504869
-0.150899,0.295757,0.504867
-0.150899,0.295759,0.504866
-0.150899,0.295760,0.504864
-0.150899,0.295762,0.504862
-0.150898,0.295763,0.504861
-0.150898,0.295765,0.504859
-0.150898,0.295766,0.504857
-0.150897,0.295768,0.504855
-0.150897,0.295770,0.504853
-0.150896,0.295771,0.504851
-0.150896,0.295773,0.504849
-0.150896,0.295775,0.504847
-0.150895,0.295776,0.504845
-0.150895,0.295778,0.504843
-0.150895,0.295780,0.504841
-0.150894,0.295782,0.504839
-0.150894,0.295784,0.504837
-0.150893,0.295786,0.504835
-0.150893,0.295788,0.504832
-0.150893,0.295790,0.504830
-0.150892,0.295792,0.504828
-0.150892,0.295794,0.504825
-0.150891,0.295796,0.504823
-0.150891,0.295799,0.504820
-0.150890,0.295801,0.504818
-0.150890,0.295803,0.504815
-0.150889,0.295805,0.504812
-0.150889,0.295808,0.504810
-0.150888,0.295810,0.504807
-0.150888,0.295812,0.504804
-0.150887,0.295815,0.504801
-0.150887,0.295817,0.504798
-0.150886,0.295820,0.504796
-0.150886,0.295823,0.504793
-0.150885,0.295825,0.504790
-0.150884,0.295828,0.504787
-0.150884,0.295831,0.504783
-0.150883,0.295833,0.504780
-0.150883,0.295836,0.504777
-0.150882,0.295839,0.504774
-0.150882,0.295842,0.504771
-0.150881,0.295845,0.504767
-0.150880,0.295848,0.504764
-0.150880,0.295851,0.504760
-0.150879,0.295854,0.504757
-0.150878,0.295857,0.504753
-0.150878,0.295860,0.504750
-0.150877,0.295863,0.504746
-0.150876,0.295866,0.504743
-0.150876,0.295869,0.504739
-0.150875,0.295873,0.504735
-0.150874,0.295876,0.504731
-0.150874,0.295879,0.504727
-0.150873,0.295883,0.504723
-0.150872,0.295886,0.504720
-0.150871,0.295890,0.504716
-0.150871,0.295893,0.504711
-0.150870,0.295897,0.504707
-0.150869,0.295900,0.504703
-0.150868,0.295904,0.504699
-0.150868,0.295908,0.504695
-0.150867,0.295912,0.504690
-0.150866,0.295915,0.504686
-0.150865,0.295919,0.504682
-0.150864,0.295923,0.504677
-0.150863,0.295927,0.504673
-0.150863,0.295931,0.504668
-0.150862,0.295935,0.504664
-0.150861,0.295939,0.504659
-0.150860,0.295943,0.504654
-0.150859,0.295947,0.504649
-0.150858,0.295951,0.504645
-0.150857,0.295956,0.504640
-0.150856,0.295960,0.504635
-0.150856,0.295964,0.504630
-0.150855,0.295969,0.504625
-0.150854,0.295973,0.504620
-0.150853,0.295977,0.504615
-0.150852,0.295982,0.504610
-0.150851,0.295987,0.504604
-0.150850,0.295991,0.504599
-0.150849,0.295996,0.504594
-0.150848,0.296000,0.504589
-0.150847,0.296005,0.504583
-0.150846,0.296010,0.504578
-0.150845,0.296015,0.504572
-0.150844,0.296019,0.504567
-0.150843,0.296024,0.504561
-0.150842,0.296029,0.504555
-0.150841,0.296034,0.504550
-0.150840,0.296039,0.504544
-0.150839,0.296044,0.504538
-0.150837,0.296049,0.504532
-0.150836,0.296055,0.504526
-0.150835,0.296060,0.504520
-0.150834,0.296065,0.504514
-0.150833,0.296070,0.504508
-0.150832,0.296076,0.504502
-0.150831,0.296081,0.504496
-0.150830,0.296086,0.504490
-0.150829,0.296092,0.504484
-0.150827,0.296097,0.504477
-0.150826,0.296103,0.504471
-0.150825,0.296109,0.504464
-0.150824,0.296114,0.504458
-0.150823,0.296120,0.504452
-0.150821,0.296126,0.504445
-0.150820,0.296131,0.504438
-0.150819,0.296137,0.504432
-0.150818,0.296143,0.504425
-0.150816,0.296149,0.504418
-0.150815,0.296155,0.504411
-0.150814,0.296161,0.504405
-0.150813,0.296167,0.504398
-0.150811,0.296173,0.504391
-0.150810,0.296179,0.504384
-0.150809,0.296185,0.504377
-0.150807,0.296191,0.504370
-0.150806,0.296197,0.504362
-0.150805,0.296204,0.504355
-0.150803,0.296210,0.504348
-0.150802,0.296216,0.504341
-0.150801,0.296223,0.504333
-0.150799,0.296229,0.504326
-0.150798,0.296236,0.504319
-0.150797,0.296242,0.504311
-0.150795,0.296249,0.504304
-0.150794,0.296255,0.504296
-0.150792,0.296262,0.504288
-0.150791,0.296269,0.504281
-0.150790,0.296276,0.504273
-0.150788,0.296282,0.504265
-0.150787,0.296289,0.504257
-0.150785,0.296296,0.504249
-0.150784,0.296303,0.504242
-0.150782,0.296310,0.504234
-0.150781,0.296317,0.504226
-0.150779,0.296324,0.504218
-0.150778,0.296331,0.504209
-0.150776,0.296338,0.504201
-0.150775,0.296345,0.504193
-0.150773,0.296352,0.504185
-0.150772,0.296359,0.504177
-0.150770,0.296367,0.504168
-0.150769,0.296374,0.504160
-0.150767,0.296381,0.504151
-0.150766,0.296389,0.504143
-0.150764,0.296396,0.504134
-0.150762,0.296404,0.504126
-0.150761,0.296411,0.504117
-0.150759,0.296419,0.504109
-0.150758,0.296426,0.504100
-0.150756,0.296434,0.504091
-0.150754,0.296441,0.504083
-0.150753,0.296449,0.504074
-0.150751,0.296457,0.504065
-0.150749,0.296465,0.504056
-0.150748,0.296472,0.504047
-0.150746,0.296480,0.504038
-0.150745,0.296488,0.504029
-0.150743,0.296496,0.504020
-0.150741,0.296504,0.504011
-0.150739,0.296512,0.504002
-0.150738,0.296520,0.503992
-0.150736,0.296528,0.503983
-0.150734,0.296536,0.503974
-0.150733,0.296544,0.503965
-0.150731,0.296552,0.503955
-0.150729,0.296561,0.503946
-0.150727,0.296569,0.503936
-0.150726,0.296577,0.503927
-0.150724,0.296585,0.503917
-0.150722,0.296594,0.503908
-0.150720,0.296602,0.503898
-0.150719,0.296610,0.503889
-0.150717,0.296619,0.503879
-0.150715,0.296627,0.503869
-0.150713,0.296636,0.503860
-0.150711,0.296644,0.503850
-0.150710,0.296653,0.503840
-0.150708,0.296662,0.503830
-0.150706,0.296670,0.503820
-0.150704,0.296679,0.503810
-0.150702,0.296688,0.503800
-0.150700,0.296696,0.503790
-0.150699,0.296705,0.503780
-0.150697,0.296714,0.503770
-0.150695,0.296723,0.503760
-0.150693,0.296732,0.503750
-0.150691,0.296740,0.503740
-0.150689,0.296749,0.503729
-0.150687,0.296758,0.503719
-0.150685,0.296767,0.503709
-0.150683,0.296776,0.503698
-0.150681,0.296785,0.503688
-0.150680,0.296794,0.503678
-0.150678,0.296804,0.503667
-0.150676,0.296813,0.503657
-0.150674,0.296822,0.503646
-0.150672,0.296831,0.503636
-0.150670,0.296840,0.503625
-0.150668,0.296849,0.503614
-0.150666,0.296859,0.503604
-0.150664,0.296868,0.503593
-0.150662,0.296877,0.503582
-0.150660,0.296887,0.503572
-0.150658,0.296896,0.503561
-0.150656,0.296906,0.503550
-0.150654,0.296915,0.503539
-0.150652,0.296924,0.503528
-0.150650,0.296934,0.503518
-0.150648,0.296943,0.503507
-0.150646,0.296953,0.503496
-0.150644,0.296963,0.503485
-0.150642,0.296972,0.503474
-0.150640,0.296982,0.503463
-0.150638,0.296991,0.503452
-0.150636,0.297001,0.503441
-0.150634,0.297011,0.503429
-0.150632,0.297020,0.503418
-0.150630,0.297030,0.503407
-0.150628,0.297040,0.503396
-0.150625,0.297050,0.503385
-0.150623,0.297059,0.503373
-0.150621,0.297069,0.503362
-0.150619,0.297079,0.503351
-0.150617,0.297089,0.503340
-0.150615,0.297099,0.503328
-0.150613,0.297109,0.503317
-0.150611,0.297119,0.503305
-0.150609,0.297129,0.503294
-0.150607,0.297139,0.503283
-0.150604,0.297149,0.503271
-0.150602,0.297159,0.503260
-0.150600,0.297169,0.503248
-0.150598,0.297179,0.503237
-0.150596,0.297189,0.503225
-0.150594,0.297199,0.503213
-0.150592,0.297209,0.503202
-0.150590,0.297219,0.503190
-0.150587,0.297229,0.503179
-0.150585,0.297240,0.503167
-0.150583,0.297250,0.503155
-0.150581,0.297260,0.503144
-0.150579,0.297270,0.503132
-0.150577,0.297280,0.503120
-0.150574,0.297291,0.503108
-0.150572,0.297301,0.503097
-0.150570,0.297311,0.503085
-0.150568,0.297321,0.503073
-0.150566,0.297332,0.503061
-0.150563,0.297342,0.503049
-0.150561,0.297352,0.503037
-0.150559,0.297363,0.503025
-0.150557,0.297373,0.503014
-0.150555,0.297384,0.503002
-0.150552,0.297394,0.502990
-0.150550,0.297404,0.502978
-0.150548,0.297415,0.502966
-0.150546,0.297425,0.502954
-0.150544,0.297436,0.502942
-0.150541,0.297446,0.502930
-0.150539,0.297457,0.502918
-0.150537,0.297467,0.502906
-0.150535,0.297478,0.502894
-0.150533,0.297488,0.502882
-0.150530,0.297499,0.502870
-0.150528,0.297509,0.502858
-0.150526,0.297520,0.502846
-0.150524,0.297530,0.502833
-0.150521,0.297541,0.502821
-0.150519,0.297551,0.502809
-0.150517,0.297562,0.502797
-0.150515,0.297573,0.502785
-0.150512,0.297583,0.502773
-0.150510,0.297594,0.502761
-0.150508,0.297604,0.502748
-0.150506,0.297615,0.502736
-0.150503,0.297626,0.502724
-0.150501,0.297636,0.502712
-0.150499,0.297647,0.502700
-0.150497,0.297657,0.502687
-0.150494,0.297668,0.502675
-0.150492,0.297679,0.502663
-0.150490,0.297689,0.502651
-0.150488,0.297700,0.502639
-0.150485,0.297711,0.502626
-0.150483,0.297721,0.502614
-0.150481,0.297732,0.502602
-0.150479,0.297743,0.502590
-0.150476,0.297753,0.502577
-0.150474,0.297764,0.502565
-0.150472,0.297775,0.502553
-0.150469,0.297786,0.502541
-0.150467,0.297796,0.502528
-0.150465,0.297807,0.502516
-0.150463,0.297818,0.502504
-0.150460,0.297828,0.502491
-0.150458,0.297839,0.502479
-0.150456,0.297850,0.502467
-0.150454,0.297860,0.502455
-0.150451,0.297871,0.502442
-0.150449,0.297882,0.502430
-0.150447,0.297892,0.502418
-0.150445,0.297903,0.502406
-0.150442,0.297914,0.502393
-0.150440,0.297925,0.502381
-0.150438,0.297935,0.502369
-0.150435,0.297946,0.502357
-0.150433,0.297957,0.502344
-0.150431,0.297967,0.502332
-0.150429,0.297978,0.502320
-0.150426,0.297989,0.502307
-0.150424,0.297999,0.502295
-0.150422,0.298010,0.502283
-0.150420,0.298021,0.502271
-0.150417,0.298031,0.502259
-0.150415,0.298042,0.502246
-0.150413,0.298053,0.502234
-0.150411,0.298063,0.502222
-0.150408,0.298074,0.502210
-0.150406,0.298085,0.502197
-0.150404,0.298095,0.502185
-0.150402,0.298106,0.502173
-0.150399,0.298116,0.502161
-0.150397,0.298127,0.502149
-0.150395,0.298138,0.502137
-0.150393,0.298148,0.502124
-0.150390,0.298159,0.502112
-0.150388,0.298169,0.502100
-0.150386,0.298180,0.502088
-0.150384,0.298191,0.502076
-0.150381,0.298201,0.502064
-0.150379,0.298212,0.502052
-0.150377,0.298222,0.502040
-0.150375,0.298233,0.502028
-0.150372,0.298243,0.502016
-0.150370,0.298254,0.502003
-0.150368,0.298264,0.501991
-0.150366,0.298275,0.501979
-0.150364,0.298285,0.501967
-0.150361,0.298296,0.501955
-0.150359,0.298306,0.501943
-0.150357,0.298316,0.501932
-0.150355,0.298327,0.501920
-0.150353,0.298337,0.501908
-0.150350,0.298348,0.501896
-0.150348,0.298358,0.501884
-0.150346,0.298368,0.501872
-0.150344,0.298379,0.501860
-0.150342,0.298389,0.501848
-0.150339,0.298399,0.501836
-0.150337,0.298410,0.501825
-0.150335,0.298420,0.501813
-0.150333,0.298430,0.501801
-0.150331,0.298440,0.501789
-0.150328,0.298451,0.501778
-0.150326,0.298461,0.501766
-0.150324,0.298471,0.501754
-0.150322,0.298481,0.501742
-0.150320,0.298491,0.501731
-0.150318,0.298502,0.501719
-0.150316,0.298512,0.501707
-0.150313,0.298522,0.501696
-0.150311,0.298532,0.501684
-0.150309,0.298542,0.501673
-0.150307,0.298552,0.501661
-0.150305,0.298562,0.501650
-0.150303,0.298572,0.501638
-0.150301,0.298582,0.501627
-0.150298,0.298592,0.501615
-0.150296,0.298602,0.501604
-0.150294,0.298612,0.501592
-0.150292,0.298622,0.501581
-0.150290,0.298632,0.501570
-0.150288,0.298642,0.501558
-0.150286,0.298651,0.501547
-0.150284,0.298661,0.501536
-0.150282,0.298671,0.501525
-0.150280,0.298681,0.501513
-0.150278,0.298691,0.501502
-0.150276,0.298700,0.501491
-0.150273,0.298710,0.501480
-0.150271,0.298720,0.501469
-0.150269,0.298729,0.501458
-0.150267,0.298739,0.501447
-0.150265,0.298749,0.501436
-0.150263,0.298758,0.501425
-0.150261,0.298768,0.501414
-0.150259,0.298777,0.501403
-0.150257,0.298787,0.501392
-0.150255,0.298796,0.501381
-0.150253,0.298806,0.501370
-0.150251,0.298815,0.501359
-0.150249,0.298825,0.501348
-0.150247,0.298834,0.501338
-0.150245,0.298843,0.501327
-0.150243,0.298853,0.501316
-0.150241,0.298862,0.501306
-0.150239,0.298871,0.501295
-0.150237,0.298881,0.501284
-0.150235,0.298890,0.501274
-0.150233,0.298899,0.501263
-0.150231,0.298908,0.501253
-0.150230,0.298917,0.501242
-0.150228,0.298926,0.501232
-0.150226,0.298935,0.501221
-0.150224,0.298944,0.501211
-0.150222,0.298953,0.501201
-0.150220,0.298962,0.501190
-0.150218,0.298971,0.501180
-0.150216,0.298980,0.501170
-0.150214,0.298989,0.501160
-0.150212,0.298998,0.501149
-0.150211,0.299007,0.501139
-0.150209,0.299016,0.501129
-0.150207,0.299024,0.501119
-0.150205,0.299033,0.501109
-0.150203,0.299042,0.501099
-0.150201,0.299051,0.501089
-0.150199,0.299059,0.501079
-0.150198,0.299068,0.501069
-0.150196,0.299076,0.501060
-0.150194,0.299085,0.501050
-0.150192,0.299093,0.501040
-0.150190,0.299102,0.501030
-0.150189,0.299110,0.501021
-0.150187,0.299119,0.501011
-0.150185,0.299127,0.501001
-0.150183,0.299135,0.500992
-0.150182,0.299144,0.500982
-0.150180,0.299152,0.500973
-0.150178,0.299160,0.500963
-0.150176,0.299168,0.500954
-0.150175,0.299177,0.500945
-0.150173,0.299185,0.500935
-0.150171,0.299193,0.500926
-0.150169,0.299201,0.500917
-0.150168,0.299209,0.500908
-0.150166,0.299217,0.500898
-0.150164,0.299225,0.500889
-0.150163,0.299233,0.500880
-0.150161,0.299241,0.500871
-0.150159,0.299248,0.500862
-0.150158,0.299256,0.500853
-0.150156,0.299264,0.500844
-0.150154,0.299272,0.500836
-0.150153,0.299279,0.500827
-0.150151,0.299287,0.500818
-0.150150,0.299295,0.500809
-0.150148,0.299302,0.500801
-0.150146,0.299310,0.500792
-0.150145,0.299317,0.500783
-0.150143,0.299325,0.500775
-0.150142,0.299332,0.500766
-0.150140,0.299339,0.500758
-0.150138,0.299347,0.500749
-0.150137,0.299354,0.500741
-0.150135,0.299361,0.500733
-0.150134,0.299369,0.500724
-0.150132,0.299376,0.500716
-0.150131,0.299383,0.500708
-0.150129,0.299390,0.500700
-0.150128,0.299397,0.500692
-0.150126,0.299404,0.500684
-0.150125,0.299411,0.500676
-0.150123,0.299418,0.500668
-0.150122,0.299425,0.500660
-0.150120,0.299432,0.500652
-0.150119,0.299438,0.500644
-0.150118,0.299445,0.500636
-0.150116,0.299452,0.500629
-0.150115,0.299459,0.500621
-0.150113,0.299465,0.500613
-0.150112,0.299472,0.500606
-0.150111,0.299478,0.500598
-0.150109,0.299485,0.500591
-0.150108,0.299492,0.500583
-0.150106,0.299498,0.500576
-0.150105,0.299504,0.500569
-0.150104,0.299511,0.500561
-0.150102,0.299517,0.500554
-0.150101,0.299523,0.500547
-0.150100,0.299530,0.500540
-0.150098,0.299536,0.500533
-0.150097,0.299542,0.500526
-0.150096,0.299548,0.500519
-0.150095,0.299554,0.500512
-0.150093,0.299560,0.500505
-0.150092,0.299566,0.500498
-0.150091,0.299572,0.500491
-0.150089,0.299578,0.500484
-0.150088,0.299584,0.500478
-0.150087,0.299589,0.500471
-0.150086,0.299595,0.500464
-0.150085,0.299601,0.500458
-0.150083,0.299607,0.500451
-0.150082,0.299612,0.500445
-0.150081,0.299618,0.500438
-0.150080,0.299623,0.500432
-0.150079,0.299629,0.500426
-0.150078,0.299634,0.500419
-0.150076,0.299640,0.500413
-0.150075,0.299645,0.500407
-0.150074,0.299650,0.500401
-0.150073,0.299656,0.500395
-0.150072,0.299661,0.500389
-0.150071,0.299666,0.500383
-0.150070,0.299671,0.500377
-0.150069,0.299676,0.500371
-0.150068,0.299681,0.500365
-0.150066,0.299686,0.500360
-0.150065,0.299691,0.500354
-0.150064,0.299696,0.500348
-0.150063,0.299701,0.500343
-0.150062,0.299706,0.500337
-0.150061,0.299711,0.500332
-0.150060,0.299716,0.500326
-0.150059,0.299720,0.500321
-0.150058,0.299725,0.500315
-0.150057,0.299730,0.500310
-0.150056,0.299734,0.500305
-0.150055,0.299739,0.500300
-0.150054,0.299743,0.500295
-0.150053,0.299748,0.500289
-0.150053,0.299752,0.500284
-0.150052,0.299757,0.500279
-0.150051,0.299761,0.500274
-0.150050,0.299765,0.500269
-0.150049,0.299769,0.500265
-0.150048,0.299774,0.500260
-0.150047,0.299778,0.500255
-0.150046,0.299782,0.500250
-0.150045,0.299786,0.500246
-0.150045,0.299790,0.500241
-0.150044,0.299794,0.500237
-0.150043,0.299798,0.500232
-0.150042,0.299802,0.500228
-0.150041,0.299805,0.500223
-0.150040,0.299809,0.500219
-0.150040,0.299813,0.500215
-0.150039,0.299817,0.500210
-0.150038,0.299820,0.500206
-0.150037,0.299824,0.500202
-0.150037,0.299828,0.500198
-0.150036,0.299831,0.500194
-0.150035,0.299835,0.500190
-0.150034,0.299838,0.500186
-0.150034,0.299841,0.500182
-0.150033,0.299845,0.500178
-0.150032,0.299848,0.500174
-0.150032,0.299851,0.500170
-0.150031,0.299855,0.500167
-0.150030,0.299858,0.500163
-0.150029,0.299861,0.500159
-0.150029,0.299864,0.500156
-0.150028,0.299867,0.500152
-0.150028,0.299870,0.500149
-0.150027,0.299873,0.500145
-0.150026,0.299876,0.500142
-0.150026,0.299879,0.500139
-0.150025,0.299882,0.500135
-0.150024,0.299885,0.500132
-0.150024,0.299888,0.500129
-0.150023,0.299890,0.500126
-0.150023,0.299893,0.500123
-0.150022,0.299896,0.500120
-0.150022,0.299898,0.500117
-0.150021,0.299901,0.500114
-0.150020,0.299903,0.500111
-0.150020,0.299906,0.500108
-0.150019,0.299908,0.500105
-0.150019,0.299911,0.500102
-0.150018,0.299913,0.500100
-0.150018,0.299915,0.500097
-0.150017,0.299918,0.500094
-0.150017,0.299920,0.500092
-0.150016,0.299922,0.500089
-0.150016,0.299924,0.500087
-0.150016,0.299927,0.500084
-0.150015,0.299929,0.500082
-0.150015,0.299931,0.500079
-0.150014,0.299933,0.500077
-0.150014,0.299935,0.500075
-0.150013,0.299937,0.500073
-0.150013,0.299939,0.500070
-0.150013,0.299941,0.500068
-0.150012,0.299942,0.500066
-0.150012,0.299944,0.500064
-0.150011,0.299946,0.500062
-0.150011,0.299948,0.500060
-0.150011,0.299950,0.500058
-0.150010,0.299951,0.500056
-0.150010,0.299953,0.500054
-0.150010,0.299954,0.500052
-0.150009,0.299956,0.500050
-0.150009,0.299958,0.500049
-0.150009,0.299959,0.500047
-0.150008,0.299961,0.500045
-0.150008,0.299962,0.500044
-0.150008,0.299963,0.500042
-0.150007,0.299965,0.500040
-0.150007,0.299966,0.500039
-0.150007,0.299967,0.500037
-0.150007,0.299969,0.500036
-0.150006,0.299970,0.500035
-0.150006,0.299971,0.500033
-0.150006,0.299972,0.500032
-0.150006,0.299973,0.500030
-0.150005,0.299975,0.500029
-0.150005,0.299976,0.500028
-0.150005,0.299977,0.500027
-0.150005,0.299978,0.500026
-0.150005,0.299979,0.500024
-0.150004,0.299980,0.500023
-0.150004,0.299981,0.500022
-0.150004,0.299982,0.500021
-0.150004,0.299982,0.500020
-0.150004,0.299983,0.500019
-0.150003,0.299984,0.500018
-0.150003,0.299985,0.500017
-0.150003,0.299986,0.500016
-0.150003,0.299986,0.500016
-0.150003,0.299987,0.500015
-0.150003,0.299988,0.500014
-0.150002,0.299989,0.500013
-0.150002,0.299989,0.500012
-0.150002,0.299990,0.500012
-0.150002,0.299990,0.500011
-0.150002,0.299991,0.500010
-0.150002,0.299992,0.500010
-0.150002,0.299992,0.500009
-0.150002,0.299993,0.500008
-0.150001,0.299993,0.500008
-0.150001,0.299994,0.500007
-0.150001,0.299994,0.500007
-0.150001,0.299994,0.500006
-0.150001,0.299995,0.500006
-0.150001,0.299995,0.500005
-0.150001,0.299996,0.500005
-0.150001,0.299996,0.500005
-0.150001,0.299996,0.500004
-0.150001,0.299997,0.500004
-0.150001,0.299997,0.500004
-0.150001,0.299997,0.500003
-0.150001,0.299997,0.500003
-0.150000,0.299998,0.500003
-0.150000,0.299998,0.500002
-0.150000,0.299998,0.500002
-0.150000,0.299998,0.500002
-0.150000,0.299998,0.500002
-0.150000,0.299999,0.500002
-0.150000,0.299999,0.500001
-0.150000,0.299999,0.500001
-0.150000,0.299999,0.500001
-0.150000,0.299999,0.500001
-0.150000,0.299999,0.500001
-0.150000,0.299999,0.500001
-0.150000,0.300000,0.500001
-0.150000,0.300000,0.500000
-0.150000,0.300000,0.500000
-0.150000,0.300000,0.500000
-0.150000,0.300000,0.500000
-0.150000,0.300000,0.500000
-0.150000,0.300000,0.500000
-0.150000,0.300000,0.500000
-0.150000,0.300000,0.500000
-0.150000,0.300000,0.500000
-0.150000,0.300000,0.500000
-0.150000,0.300000,0.500000
-0.150000,0.300000,0.500000
-0.150000,0.300000,0.500000
-0.150000,0.300000,0.500000
-0.150000,0.300000,0.500000
-0.150000,0.300000,0.500000
