x,y,z
-0.346659,0.299867,0.669291
-0.346659,0.299867,0.669291
-0.346659,0.299867,0.669291
-0.346659,0.299867,0.669291
-0.346659,0.299867,0.669291
-0.346659,0.299867,0.669291
-0.346659,0.299867,0.669290
-0.346659,0.299867,0.669290
-0.346659,0.299867,0.669289
-0.346659,0.299867,0.669288
-0.346659,0.299867,0.669287
-0.346659,0.299867,0.669286
-0.346659,0.299867,0.669284
-0.346659,0.299867,0.669283
-0.346659,0.299867,0.669280
-0.346659,0.299867,0.669278
-0.346659,0.299867,0.669275
-0.346660,0.299867,0.669272
-0.346660,0.299867,0.669269
-0.346660,0.299867,0.669265
-0.346660,0.299867,0.669260
-0.346660,0.299867,0.669255
-0.346660,0.299867,0.669250
-0.346660,0.299867,0.669245
-0.346660,0.299867,0.669238
-0.346660,0.299867,0.669232
-0.346660,0.299867,0.669224
-0.346661,0.299867,0.669216
-0.346661,0.299867,0.669208
-0.346661,0.299867,0.669199
-0.346661,0.299867,0.669189
-0.346661,0.299867,0.669179
-0.346662,0.299867,0.669168
-0.346662,0.299867,0.669156
-0.346662,0.299867,0.669144
-0.346662,0.299867,0.669131
-0.346663,0.299867,0.669117
-0.346663,0.299867,0.669103
-0.346663,0.299867,0.669087
-0.346663,0.299867,0.669071
-0.346664,0.299867,0.669054
-0.346664,0.299867,0.669037
-0.346665,0.299867,0.669018
-0.346665,0.299867,0.668999
-0.346665,0.299867,0.668979
-0.346666,0.299867,0.668958
-0.346666,0.299867,0.668936
-0.346667,0.299867,0.668913
-0.346667,0.299867,0.668889
-0.346668,0.299867,0.668864
-0.346668,0.299867,0.668838
-0.346669,0.299867,0.668812
-0.346669,0.299867,0.668784
-0.346670,0.299868,0.668755
-0.346670,0.299868,0.668726
-0.346671,0.299868,0.668695
-0.346672,0.299868,0.668663
-0.346672,0.299868,0.668630
-0.346673,0.299868,0.668596
-0.346674,0.299868,0.668561
-0.346674,0.299868,0.668525
-0.346675,0.299868,0.668488
-0.346676,0.299868,0.668449
-0.346677,0.299868,0.668410
-0.346677,0.299868,0.668369
-0.346678,0.299868,0.668327
-0.346679,0.299868,0.668284
-0.346680,0.299868,0.668240
-0.346681,0.299868,0.668195
-0.346682,0.299868,0.668148
-0.346683,0.299868,0.668100
-0.346684,0.299868,0.668051
-0.346685,0.299868,0.668001
-0.346686,0.299868,0.667949
-0.346687,0.299868,0.667896
-0.346688,0.299868,0.667842
-0.346689,0.299868,0.667786
-0.346690,0.299868,0.667730
-0.346691,0.299868,0.667672
-0.346692,0.299868,0.667612
-0.346693,0.299868,0.667551
-0.346695,0.299869,0.667489
-0.346696,0.299869,0.667426
-0.346697,0.299869,0.667361
-0.346699,0.299869,0.667294
-0.346700,0.299869,0.667227
-0.346701,0.299869,0.667158
-0.346703,0.299869,0.667087
-0.346704,0.299869,0.667015
-0.346706,0.299869,0.666942
-0.346707,0.299869,0.666867
-0.346708,0.299869,0.666791
-0.346710,0.299869,0.666713
-0.346712,0.299869,0.666634
-0.346713,0.299869,0.666553
-0.346715,0.299869,0.666471
-0.346716,0.299869,0.666388
-0.346718,0.299869,0.666302
-0.346720,0.299870,0.666216
-0.346722,0.299870,0.666128
-0.346723,0.299870,0.666038
-0.346725,0.299870,0.665947
-0.346727,0.299870,0.665854
-0.346729,0.299870,0.665760
-0.346731,0.299870,0.665664
-0.346733,0.299870,0.665567
-0.346735,0.299870,0.665468
-0.346737,0.299870,0.665367
-0.346739,0.299870,0.665265
-0.346741,0.299870,0.665161
-0.346743,0.299870,0.665056
-0.346745,0.299870,0.664949
-0.346747,0.299871,0.664841
-0.346749,0.299871,0.664731
-0.346751,0.299871,0.664619
-0.346754,0.299871,0.664506
-0.346756,0.299871,0.664391
-0.346758,0.299871,0.664274
-0.346760,0.299871,0.664156
-0.346763,0.299871,0.664036
-0.346765,0.299871,0.663915
-0.346768,0.299871,0.663791
-0.346770,0.299872,0.663667
-0.346773,0.299872,0.663540
-0.346775,0.299872,0.663412
-0.346778,0.299872,0.663282
-0.346780,0.299872,0.663151
-0.346783,0.299872,0.663018
-0.346786,0.299872,0.662883
-0.346788,0.299872,0.662746
-0.346791,0.299872,0.662608
-0.346794,0.299872,0.662468
-0.346797,0.299873,0.662327
-0.346799,0.299873,0.662183
-0.346802,0.299873,0.662039
-0.346805,0.299873,0.661892
-0.346808,0.299873,0.661743
-0.346811,0.299873,0.661593
-0.346814,0.299873,0.661442
-0.346817,0.299873,0.661288
-0.346820,0.299873,0.661133
-0.346823,0.299874,0.660976
-0.346826,0.299874,0.660817
-0.346830,0.299874,0.660657
-0.346833,0.299874,0.660495
-0.346836,0.299874,0.660331
-0.346839,0.299874,0.660165
-0.346843,0.299874,0.659998
-0.346846,0.299875,0.659829
-0.346849,0.299875,0.659658
-0.346853,0.299875,0.659486
-0.346856,0.299875,0.659312
-0.346860,0.299875,0.659136
-0.346863,0.299875,0.658958
-0.346867,0.299875,0.658778
-0.346870,0.299875,0.658597
-0.346874,0.299876,0.658414
-0.346877,0.299876,0.658230
-0.346881,0.299876,0.658043
-0.346885,0.299876,0.657855
-0.346889,0.299876,0.657665
-0.346892,0.299876,0.657474
-0.346896,0.299877,0.657281
-0.346900,0.299877,0.657085
-0.346904,0.299877,0.656889
-0.346908,0.299877,0.656690
-0.346912,0.299877,0.656490
-0.346916,0.299877,0.656288
-0.346920,0.299877,0.656084
-0.346924,0.299878,0.655879
-0.346928,0.299878,0.655671
-0.346932,0.299878,0.655463
-0.346936,0.299878,0.655252
-0.346940,0.299878,0.655039
-0.346945,0.299878,0.654825
-0.346949,0.299879,0.654610
-0.346953,0.299879,0.654392
-0.346957,0.299879,0.654173
-0.346962,0.299879,0.653952
-0.346966,0.299879,0.653729
-0.346971,0.299879,0.653505
-0.346975,0.299880,0.653278
-0.346980,0.299880,0.653051
-0.346984,0.299880,0.652821
-0.346989,0.299880,0.652590
-0.346993,0.299880,0.652357
-0.346998,0.299881,0.652122
-0.347003,0.299881,0.651886
-0.347007,0.299881,0.651648
-0.347012,0.299881,0.651408
-0.347017,0.299881,0.651166
-0.347022,0.299882,0.650923
-0.347026,0.299882,0.650678
-0.347031,0.299882,0.650432
-0.347036,0.299882,0.650184
-0.347041,0.299882,0.649934
-0.347046,0.299882,0.649682
-0.347051,0.299883,0.649429
-0.347056,0.299883,0.649174
-0.347061,0.299883,0.648918
-0.347066,0.299883,0.648660
-0.347071,0.299883,0.648400
-0.347077,0.299884,0.648139
-0.347082,0.299884,0.647876
-0.347087,0.299884,0.647611
-0.347092,0.299884,0.647345
-0.347098,0.299885,0.647077
-0.347103,0.299885,0.646807
-0.347108,0.299885,0.646536
-0.347114,0.299885,0.646263
-0.347119,0.299885,0.645989
-0.347124,0.299886,0.645713
-0.347130,0.299886,0.645435
-0.347135,0.299886,0.645156
-0.347141,0.299886,0.644875
-0.347147,0.299886,0.644593
-0.347152,0.299887,0.644309
-0.347158,0.299887,0.644023
-0.347163,0.299887,0.643736
-0.347169,0.299887,0.643447
-0.347175,0.299888,0.643157
-0.347181,0.299888,0.642865
-0.347186,0.299888,0.642572
-0.347192,0.299888,0.642277
-0.347198,0.299889,0.641981
-0.347204,0.299889,0.641683
-0.347210,0.299889,0.641384
-0.347216,0.299889,0.641083
-0.347222,0.299889,0.640780
-0.347228,0.299890,0.640477
-0.347234,0.299890,0.640171
-0.347240,0.299890,0.639864
-0.347246,0.299890,0.639556
-0.347252,0.299891,0.639246
-0.347258,0.299891,0.638935
-0.347264,0.299891,0.638622
-0.347271,0.299891,0.638308
-0.347277,0.299892,0.637992
-0.347283,0.299892,0.637675
-0.347289,0.299892,0.637357
-0.347296,0.299892,0.637037
-0.347302,0.299893,0.636715
-0.347308,0.299893,0.636393
-0.347315,0.299893,0.636068
-0.347321,0.299893,0.635743
-0.347328,0.299894,0.635416
-0.347334,0.299894,0.635088
-0.347341,0.299894,0.634758
-0.347347,0.299894,0.634427
-0.347354,0.299895,0.634095
-0.347360,0.299895,0.633761
-0.347367,0.299895,0.633426
-0.347374,0.299896,0.633089
-0.347380,0.299896,0.632752
-0.347387,0.299896,0.632413
-0.347394,0.299896,0.632072
-0.347400,0.299897,0.631731
-0.347407,0.299897,0.631388
-0.347414,0.299897,0.631044
-0.347421,0.299897,0.630698
-0.347428,0.299898,0.630351
-0.347434,0.299898,0.630003
-0.347441,0.299898,0.629654
-0.347448,0.299898,0.629304
-0.347455,0.299899,0.628952
-0.347462,0.299899,0.628599
-0.347469,0.299899,0.628245
-0.347476,0.299900,0.627890
-0.347483,0.299900,0.627533
-0.347490,0.299900,0.627175
-0.347497,0.299900,0.626816
-0.347504,0.299901,0.626456
-0.347512,0.299901,0.626095
-0.347519,0.299901,0.625733
-0.347526,0.299902,0.625369
-0.347533,0.299902,0.625005
-0.347540,0.299902,0.624639
-0.347548,0.299902,0.624272
-0.347555,0.299903,0.623904
-0.347562,0.299903,0.623535
-0.347569,0.299903,0.623165
-0.347577,0.299904,0.622794
-0.347584,0.299904,0.622422
-0.347591,0.299904,0.622048
-0.347599,0.299904,0.621674
-0.347606,0.299905,0.621299
-0.347614,0.299905,0.620922
-0.347621,0.299905,0.620545
-0.347629,0.299906,0.620166
-0.347636,0.299906,0.619787
-0.347644,0.299906,0.619407
-0.347651,0.299907,0.619025
-0.347659,0.299907,0.618643
-0.347666,0.299907,0.618260
-0.347674,0.299907,0.617876
-0.347681,0.299908,0.617491
-0.347689,0.299908,0.617104
-0.347697,0.299908,0.616718
-0.347704,0.299909,0.616330
-0.347712,0.299909,0.615941
-0.347720,0.299909,0.615551
-0.347727,0.299910,0.615161
-0.347735,0.299910,0.614770
-0.347743,0.299910,0.614377
-0.347751,0.299911,0.613984
-0.347758,0.299911,0.613590
-0.347766,0.299911,0.613196
-0.347774,0.299911,0.612800
-0.347782,0.299912,0.612404
-0.347790,0.299912,0.612007
-0.347797,0.299912,0.611609
-0.347805,0.299913,0.611211
-0.347813,0.299913,0.610811
-0.347821,0.299913,0.610411
-0.347829,0.299914,0.610011
-0.347837,0.299914,0.609609
-0.347845,0.299914,0.609207
-0.347853,0.299915,0.608804
-0.347861,0.299915,0.608401
-0.347869,0.299915,0.607996
-0.347877,0.299916,0.607591
-0.347885,0.299916,0.607186
-0.347893,0.299916,0.606780
-0.347901,0.299916,0.606373
-0.347909,0.299917,0.605965
-0.347917,0.299917,0.605557
-0.347925,0.299917,0.605149
-0.347933,0.299918,0.604740
-0.347941,0.299918,0.604330
-0.347949,0.299918,0.603920
-0.347957,0.299919,0.603509
-0.347965,0.299919,0.603097
-0.347974,0.299919,0.602685
-0.347982,0.299920,0.602273
-0.347990,0.299920,0.601860
-0.347998,0.299920,0.601447
-0.348006,0.299921,0.601033
-0.348014,0.299921,0.600618
-0.348023,0.299921,0.600204
-0.348031,0.299922,0.599788
-0.348039,0.299922,0.599373
-0.348047,0.299922,0.598957
-0.348055,0.299923,0.598540
-0.348064,0.299923,0.598123
-0.348072,0.299923,0.597706
-0.348080,0.299924,0.597288
-0.348088,0.299924,0.596870
-0.348097,0.299924,0.596452
-0.348105,0.299925,0.596033
-0.348113,0.299925,0.595614
-0.348121,0.299925,0.595195
-0.348130,0.299926,0.594775
-0.348138,0.299926,0.594355
-0.348146,0.299926,0.593935
-0.348155,0.299927,0.593515
-0.348163,0.299927,0.593094
-0.348171,0.299927,0.592673
-0.348179,0.299928,0.592252
-0.348188,0.299928,0.591831
-0.348196,0.299928,0.591409
-0.348204,0.299929,0.590987
-0.348213,0.299929,0.590565
-0.348221,0.299929,0.590143
-0.348229,0.299930,0.589721
-0.348238,0.299930,0.589298
-0.348246,0.299930,0.588876
-0.348254,0.299931,0.588453
-0.348263,0.299931,0.588030
-0.348271,0.299931,0.587607
-0.348279,0.299932,0.587184
-0.348288,0.299932,0.586761
-0.348296,0.299932,0.586338
-0.348305,0.299933,0.585915
-0.348313,0.299933,0.585492
-0.348321,0.299933,0.585069
-0.348330,0.299934,0.584646
-0.348338,0.299934,0.584222
-0.348346,0.299934,0.583799
-0.348355,0.299935,0.583376
-0.348363,0.299935,0.582953
-0.348371,0.299935,0.582530
-0.348380,0.299936,0.582107
-0.348388,0.299936,0.581684
-0.348396,0.299936,0.581261
-0.348405,0.299937,0.580838
-0.348413,0.299937,0.580415
-0.348421,0.299937,0.579993
-0.348430,0.299938,0.579570
-0.348438,0.299938,0.579148
-0.348446,0.299938,0.578726
-0.348455,0.299939,0.578304
-0.348463,0.299939,0.577882
-0.348471,0.299939,0.577461
-0.348480,0.299940,0.577039
-0.348488,0.299940,0.576618
-0.348496,0.299940,0.576197
-0.348505,0.299941,0.575776
-0.348513,0.299941,0.575356
-0.348521,0.299941,0.574936
-0.348529,0.299941,0.574516
-0.348538,0.299942,0.574096
-0.348546,0.299942,0.573677
-0.348554,0.299942,0.573258
-0.348563,0.299943,0.572839
-0.348571,0.299943,0.572421
-0.348579,0.299943,0.572003
-0.348587,0.299944,0.571585
-0.348596,0.299944,0.571168
-0.348604,0.299944,0.570751
-0.348612,0.299945,0.570334
-0.348620,0.299945,0.569918
-0.348628,0.299945,0.569503
-0.348637,0.299946,0.569087
-0.348645,0.299946,0.568673
-0.348653,0.299946,0.568258
-0.348661,0.299947,0.567844
-0.348669,0.299947,0.567431
-0.348677,0.299947,0.567018
-0.348686,0.299948,0.566606
-0.348694,0.299948,0.566194
-0.348702,0.299948,0.565782
-0.348710,0.299949,0.565371
-0.348718,0.299949,0.564961
-0.348726,0.299949,0.564551
-0.348734,0.299950,0.564142
-0.348742,0.299950,0.563734
-0.348750,0.299950,0.563326
-0.348758,0.299951,0.562918
-0.348766,0.299951,0.562511
-0.348774,0.299951,0.562105
-0.348782,0.299952,0.561700
-0.348790,0.299952,0.561295
-0.348798,0.299952,0.560891
-0.348806,0.299953,0.560487
-0.348814,0.299953,0.560084
-0.348822,0.299953,0.559682
-0.348830,0.299953,0.559280
-0.348838,0.299954,0.558880
-0.348846,0.299954,0.558480
-0.348854,0.299954,0.558080
-0.348862,0.299955,0.557682
-0.348870,0.299955,0.557284
-0.348877,0.299955,0.556887
-0.348885,0.299956,0.556491
-0.348893,0.299956,0.556095
-0.348901,0.299956,0.555701
-0.348909,0.299957,0.555307
-0.348916,0.299957,0.554914
-0.348924,0.299957,0.554522
-0.348932,0.299958,0.554130
-0.348939,0.299958,0.553740
-0.348947,0.299958,0.553350
-0.348955,0.299958,0.552961
-0.348962,0.299959,0.552574
-0.348970,0.299959,0.552187
-0.348978,0.299959,0.551801
-0.348985,0.299960,0.551415
-0.348993,0.299960,0.551031
-0.349000,0.299960,0.550648
-0.349008,0.299961,0.550266
-0.349016,0.299961,0.549884
-0.349023,0.299961,0.549504
-0.349031,0.299961,0.549125
-0.349038,0.299962,0.548746
-0.349045,0.299962,0.548369
-0.349053,0.299962,0.547992
-0.349060,0.299963,0.547617
-0.349068,0.299963,0.547243
-0.349075,0.299963,0.546869
-0.349082,0.299963,0.546497
-0.349090,0.299964,0.546126
-0.349097,0.299964,0.545756
-0.349104,0.299964,0.545387
-0.349112,0.299965,0.545019
-0.349119,0.299965,0.544652
-0.349126,0.299965,0.544286
-0.349133,0.299966,0.543922
-0.349140,0.299966,0.543558
-0.349148,0.299966,0.543196
-0.349155,0.299966,0.542835
-0.349162,0.299967,0.542475
-0.349169,0.299967,0.542116
-0.349176,0.299967,0.541758
-0.349183,0.299967,0.541402
-0.349190,0.299968,0.541046
-0.349197,0.299968,0.540692
-0.349204,0.299968,0.540339
-0.349211,0.299969,0.539987
-0.349218,0.299969,0.539637
-0.349225,0.299969,0.539288
-0.349232,0.299969,0.538940
-0.349238,0.299970,0.538593
-0.349245,0.299970,0.538248
-0.349252,0.299970,0.537903
-0.349259,0.299971,0.537560
-0.349266,0.299971,0.537219
-0.349272,0.299971,0.536878
-0.349279,0.299971,0.536539
-0.349286,0.299972,0.536202
-0.349292,0.299972,0.535865
-0.349299,0.299972,0.535530
-0.349305,0.299972,0.535197
-0.349312,0.299973,0.534864
-0.349319,0.299973,0.534533
-0.349325,0.299973,0.534203
-0.349331,0.299973,0.533875
-0.349338,0.299974,0.533548
-0.349344,0.299974,0.533223
-0.349351,0.299974,0.532898
-0.349357,0.299974,0.532576
-0.349363,0.299975,0.532254
-0.349370,0.299975,0.531934
-0.349376,0.299975,0.531616
-0.349382,0.299975,0.531299
-0.349389,0.299976,0.530983
-0.349395,0.299976,0.530669
-0.349401,0.299976,0.530356
-0.349407,0.299976,0.530045
-0.349413,0.299977,0.529735
-0.349419,0.299977,0.529427
-0.349425,0.299977,0.529120
-0.349431,0.299977,0.528815
-0.349437,0.299978,0.528511
-0.349443,0.299978,0.528208
-0.349449,0.299978,0.527907
-0.349455,0.299978,0.527608
-0.349461,0.299979,0.527310
-0.349467,0.299979,0.527014
-0.349473,0.299979,0.526719
-0.349479,0.299979,0.526426
-0.349484,0.299979,0.526134
-0.349490,0.299980,0.525844
-0.349496,0.299980,0.525555
-0.349501,0.299980,0.525268
-0.349507,0.299980,0.524982
-0.349513,0.299981,0.524699
-0.349518,0.299981,0.524416
-0.349524,0.299981,0.524135
-0.349529,0.299981,0.523856
-0.349535,0.299981,0.523579
-0.349540,0.299982,0.523303
-0.349546,0.299982,0.523028
-0.349551,0.299982,0.522755
-0.349556,0.299982,0.522484
-0.349562,0.299983,0.522215
-0.349567,0.299983,0.521947
-0.349572,0.299983,0.521680
-0.349577,0.299983,0.521416
-0.349583,0.299983,0.521152
-0.349588,0.299984,0.520891
-0.349593,0.299984,0.520631
-0.349598,0.299984,0.520373
-0.349603,0.299984,0.520117
-0.349608,0.299984,0.519862
-0.349613,0.299985,0.519609
-0.349618,0.299985,0.519357
-0.349623,0.299985,0.519107
-0.349628,0.299985,0.518859
-0.349633,0.299985,0.518613
-0.349638,0.299986,0.518368
-0.349642,0.299986,0.518125
-0.349647,0.299986,0.517883
-0.349652,0.299986,0.517644
-0.349657,0.299986,0.517405
-0.349661,0.299987,0.517169
-0.349666,0.299987,0.516934
-0.349670,0.299987,0.516701
-0.349675,0.299987,0.516470
-0.349680,0.299987,0.516241
-0.349684,0.299987,0.516013
-0.349688,0.299988,0.515787
-0.349693,0.299988,0.515562
-0.349697,0.299988,0.515339
-0.349702,0.299988,0.515118
-0.349706,0.299988,0.514899
-0.349710,0.299988,0.514682
-0.349715,0.299989,0.514466
-0.349719,0.299989,0.514252
-0.349723,0.299989,0.514039
-0.349727,0.299989,0.513829
-0.349731,0.299989,0.513620
-0.349735,0.299989,0.513412
-0.349739,0.299990,0.513207
-0.349743,0.299990,0.513003
-0.349747,0.299990,0.512801
-0.349751,0.299990,0.512601
-0.349755,0.299990,0.512402
-0.349759,0.299990,0.512206
-0.349763,0.299991,0.512011
-0.349767,0.299991,0.511817
-0.349771,0.299991,0.511626
-0.349774,0.299991,0.511436
-0.349778,0.299991,0.511248
-0.349782,0.299991,0.511061
-0.349785,0.299991,0.510877
-0.349789,0.299992,0.510694
-0.349793,0.299992,0.510513
-0.349796,0.299992,0.510333
-0.349800,0.299992,0.510156
-0.349803,0.299992,0.509980
-0.349806,0.299992,0.509805
-0.349810,0.299992,0.509633
-0.349813,0.299993,0.509462
-0.349817,0.299993,0.509293
-0.349820,0.299993,0.509126
-0.349823,0.299993,0.508960
-0.349826,0.299993,0.508796
-0.349830,0.299993,0.508634
-0.349833,0.299993,0.508474
-0.349836,0.299993,0.508315
-0.349839,0.299994,0.508158
-0.349842,0.299994,0.508003
-0.349845,0.299994,0.507850
-0.349848,0.299994,0.507698
-0.349851,0.299994,0.507548
-0.349854,0.299994,0.507399
-0.349857,0.299994,0.507253
-0.349860,0.299994,0.507108
-0.349863,0.299995,0.506964
-0.349865,0.299995,0.506823
-0.349868,0.299995,0.506683
-0.349871,0.299995,0.506545
-0.349874,0.299995,0.506408
-0.349876,0.299995,0.506273
-0.349879,0.299995,0.506140
-0.349881,0.299995,0.506009
-0.349884,0.299995,0.505879
-0.349887,0.299995,0.505751
-0.349889,0.299996,0.505624
-0.349891,0.299996,0.505500
-0.349894,0.299996,0.505376
-0.349896,0.299996,0.505255
-0.349899,0.299996,0.505135
-0.349901,0.299996,0.505017
-0.349903,0.299996,0.504900
-0.349906,0.299996,0.504785
-0.349908,0.299996,0.504672
-0.349910,0.299996,0.504560
-0.349912,0.299997,0.504450
-0.349914,0.299997,0.504342
-0.349916,0.299997,0.504235
-0.349919,0.299997,0.504130
-0.349921,0.299997,0.504026
-0.349923,0.299997,0.503924
-0.349925,0.299997,0.503823
-0.349927,0.299997,0.503724
-0.349928,0.299997,0.503627
-0.349930,0.299997,0.503531
-0.349932,0.299997,0.503437
-0.349934,0.299997,0.503344
-0.349936,0.299997,0.503253
-0.349938,0.299998,0.503163
-0.349939,0.299998,0.503075
-0.349941,0.299998,0.502989
-0.349943,0.299998,0.502904
-0.349944,0.299998,0.502820
-0.349946,0.299998,0.502738
-0.349948,0.299998,0.502657
-0.349949,0.299998,0.502578
-0.349951,0.299998,0.502500
-0.349952,0.299998,0.502424
-0.349954,0.299998,0.502349
-0.349955,0.299998,0.502276
-0.349957,0.299998,0.502204
-0.349958,0.299998,0.502134
-0.349959,0.299998,0.502064
-0.349961,0.299998,0.501997
-0.349962,0.299998,0.501930
-0.349963,0.299999,0.501866
-0.349964,0.299999,0.501802
-0.349966,0.299999,0.501740
-0.349967,0.299999,0.501679
-0.349968,0.299999,0.501620
-0.349969,0.299999,0.501561
-0.349970,0.299999,0.501505
-0.349971,0.299999,0.501449
-0.349972,0.299999,0.501395
-0.349974,0.299999,0.501342
-0.349975,0.299999,0.501290
-0.349976,0.299999,0.501240
-0.349976,0.299999,0.501191
-0.349977,0.299999,0.501143
-0.349978,0.299999,0.501096
-0.349979,0.299999,0.501051
-0.349980,0.299999,0.501007
-0.349981,0.299999,0.500964
-0.349982,0.299999,0.500922
-0.349983,0.299999,0.500881
-0.349983,0.299999,0.500842
-0.349984,0.299999,0.500803
-0.349985,0.299999,0.500766
-0.349986,0.299999,0.500730
-0.349986,0.299999,0.500695
-0.349987,0.299999,0.500661
-0.349988,0.300000,0.500628
-0.349988,0.300000,0.500596
-0.349989,0.300000,0.500566
-0.349989,0.300000,0.500536
-0.349990,0.300000,0.500507
-0.349991,0.300000,0.500479
-0.349991,0.300000,0.500453
-0.349992,0.300000,0.500427
-0.349992,0.300000,0.500402
-0.349993,0.300000,0.500378
-0.349993,0.300000,0.500356
-0.349993,0.300000,0.500334
-0.349994,0.300000,0.500312
-0.349994,0.300000,0.500292
-0.349995,0.300000,0.500273
-0.349995,0.300000,0.500254
-0.349995,0.300000,0.500237
-0.349996,0.300000,0.500220
-0.349996,0.300000,0.500204
-0.349996,0.300000,0.500189
-0.349997,0.300000,0.500174
-0.349997,0.300000,0.500160
-0.349997,0.300000,0.500147
-0.349997,0.300000,0.500135
-0.349998,0.300000,0.500123
-0.349998,0.300000,0.500112
-0.349998,0.300000,0.500102
-0.349998,0.300000,0.500092
-0.349998,0.300000,0.500083
-0.349999,0.300000,0.500075
-0.349999,0.300000,0.500067
-0.349999,0.300000,0.500060
-0.349999,0.300000,0.500053
-0.349999,0.300000,0.500047
-0.349999,0.300000,0.500041
-0.349999,0.300000,0.500036
-0.349999,0.300000,0.500031
-0.349999,0.300000,0.500026
-0.350000,0.300000,0.500023
-0.350000,0.300000,0.500019
-0.350000,0.300000,0.500016
-0.350000,0.300000,0.500013
-0.350000,0.300000,0.500011
-0.350000,0.300000,0.500009
-0.350000,0.300000,0.500007
-0.350000,0.300000,0.500005
-0.350000,0.300000,0.500004
-0.350000,0.300000,0.500003
-0.350000,0.300000,0.500002
-0.350000,0.300000,0.500001
-0.350000,0.300000,0.500001
-0.350000,0.300000,0.500000
-0.350000,0.300000,0.500000
-0.350000,0.300000,0.500000
-0.350000,0.300000,0.500000
-0.350000,0.300000,0.500000
