x,y,z
0.146985,0.299469,0.669865
0.146985,0.299469,0.669865
0.146985,0.299469,0.669865
0.146985,0.299469,0.669865
0.146985,0.299469,0.669865
0.146985,0.299469,0.669865
0.146985,0.299469,0.669865
0.146985,0.299469,0.669865
0.146984,0.299469,0.669865
0.146984,0.299469,0.669865
0.146984,0.299469,0.669865
0.146984,0.299469,0.669865
0.146984,0.299469,0.669865
0.146983,0.299469,0.669865
0.146983,0.299469,0.669865
0.146983,0.299469,0.669865
0.146982,0.299469,0.669865
0.146982,0.299469,0.669865
0.146981,0.299469,0.669865
0.146981,0.299469,0.669865
0.146980,0.299469,0.669865
0.146979,0.299469,0.669865
0.146979,0.299469,0.669865
0.146978,0.299469,0.669865
0.146977,0.299469,0.669865
0.146976,0.299469,0.669865
0.146975,0.299469,0.669865
0.146974,0.299469,0.669865
0.146972,0.299469,0.669865
0.146971,0.299469,0.669865
0.146969,0.299469,0.669865
0.146968,0.299469,0.669865
0.146966,0.299469,0.669865
0.146964,0.299469,0.669865
0.146963,0.299469,0.669865
0.146961,0.299469,0.669865
0.146958,0.299469,0.669865
0.146956,0.299469,0.669865
0.146954,0.299469,0.669865
0.146951,0.299469,0.669865
0.146949,0.299469,0.669865
0.146946,0.299469,0.669865
0.146943,0.299469,0.669865
0.146940,0.299469,0.669865
0.146937,0.299469,0.669865
0.146934,0.299469,0.669865
0.146930,0.299469,0.669865
0.146927,0.299469,0.669865
0.146923,0.299469,0.669865
0.146919,0.299469,0.669865
0.146915,0.299469,0.669865
0.146911,0.299469,0.669865
0.146907,0.299469,0.669865
0.146902,0.299469,0.669865
0.146898,0.299469,0.669865
0.146893,0.299469,0.669865
0.146888,0.299469,0.669865
0.146883,0.299469,0.669865
0.146877,0.299469,0.669865
0.146872,0.299469,0.669865
0.146866,0.299469,0.669865
0.146860,0.299469,0.669865
0.146854,0.299469,0.669865
0.146848,0.299469,0.669865
0.146841,0.299469,0.669865
0.146835,0.299469,0.669865
0.146828,0.299469,0.669865
0.146821,0.299469,0.669865
0.146813,0.299469,0.669865
0.146806,0.299469,0.669865
0.146798,0.299469,0.669866
0.146790,0.299469,0.669866
0.146782,0.299469,0.669866
0.146774,0.299469,0.669866
0.146765,0.299469,0.669866
0.146757,0.299469,0.669866
0.146748,0.299469,0.669866
0.146738,0.299469,0.669866
0.146729,0.299470,0.669866
0.146719,0.299470,0.669866
0.146709,0.299470,0.669866
0.146699,0.299470,0.669866
0.146689,0.299470,0.669866
0.146678,0.299470,0.669866
0.146667,0.299470,0.669866
0.146656,0.299470,0.669866
0.146645,0.299470,0.669866
0.146633,0.299470,0.669866
0.146621,0.299470,0.669866
0.146609,0.299470,0.669866
0.146597,0.299470,0.669866
0.146584,0.299470,0.669866
0.146571,0.299470,0.669866
0.146558,0.299470,0.669866
0.146544,0.299470,0.669866
0.146531,0.299470,0.669866
0.146517,0.299470,0.669866
0.146502,0.299470,0.669866
0.146488,0.299470,0.669866
0.146473,0.299470,0.669866
0.146458,0.299470,0.669866
0.146442,0.299470,0.669866
0.146427,0.299470,0.669866
0.146411,0.299470,0.669866
0.146395,0.299470,0.669866
0.146378,0.299470,0.669866
0.146361,0.299470,0.669866
0.146344,0.299471,0.669866
0.146327,0.299471,0.669866
0.146309,0.299471,0.669866
0.146291,0.299471,0.669866
0.146272,0.299471,0.669866
0.146254,0.299471,0.669866
0.146235,0.299471,0.669866
0.146216,0.299471,0.669866
0.146196,0.299471,0.669866
0.146176,0.299471,0.669866
0.146156,0.299471,0.669866
0.146135,0.299471,0.669866
0.146114,0.299471,0.669866
0.146093,0.299471,0.669866
0.146072,0.299471,0.669866
0.146050,0.299471,0.669866
0.146028,0.299471,0.669866
0.146005,0.299471,0.669866
0.145983,0.299472,0.669866
0.145959,0.299472,0.669866
0.145936,0.299472,0.669866
0.145912,0.299472,0.669866
0.145888,0.299472,0.669866
0.145863,0.299472,0.669866
0.145838,0.299472,0.669866
0.145813,0.299472,0.669866
0.145788,0.299472,0.669866
0.145762,0.299472,0.669866
0.145736,0.299472,0.669866
0.145709,0.299472,0.669866
0.145682,0.299472,0.669866
0.145655,0.299472,0.669866
0.145627,0.299472,0.669866
0.145599,0.299473,0.669866
0.145571,0.299473,0.669866
0.145542,0.299473,0.669866
0.145513,0.299473,0.669866
0.145483,0.299473,0.669866
0.145453,0.299473,0.669866
0.145423,0.299473,0.669866
0.145393,0.299473,0.669866
0.145362,0.299473,0.669866
0.145330,0.299473,0.669867
0.145299,0.299473,0.669867
0.145266,0.299473,0.669867
0.145234,0.299474,0.669867
0.145201,0.299474,0.669867
0.145168,0.299474,0.669867
0.145134,0.299474,0.669867
0.145100,0.299474,0.669867
0.145066,0.299474,0.669867
0.145031,0.299474,0.669867
0.144996,0.299474,0.669867
0.144960,0.299474,0.669867
0.144924,0.299474,0.669867
0.144888,0.299474,0.669867
0.144851,0.299475,0.669867
0.144814,0.299475,0.669867
0.144776,0.299475,0.669867
0.144738,0.299475,0.669867
0.144700,0.299475,0.669867
0.144661,0.299475,0.669867
0.144622,0.299475,0.669867
0.144583,0.299475,0.669867
0.144543,0.299475,0.669867
0.144502,0.299476,0.669867
0.144461,0.299476,0.669867
0.144420,0.299476,0.669867
0.144379,0.299476,0.669867
0.144336,0.299476,0.669867
0.144294,0.299476,0.669867
0.144251,0.299476,0.669867
0.144208,0.299476,0.669867
0.144164,0.299476,0.669867
0.144120,0.299477,0.669867
0.144075,0.299477,0.669867
0.144030,0.299477,0.669867
0.143985,0.299477,0.669867
0.143939,0.299477,0.669867
0.143893,0.299477,0.669867
0.143846,0.299477,0.669868
0.143799,0.299477,0.669868
0.143751,0.299478,0.669868
0.143704,0.299478,0.669868
0.143655,0.299478,0.669868
0.143606,0.299478,0.669868
0.143557,0.299478,0.669868
0.143507,0.299478,0.669868
0.143457,0.299478,0.669868
0.143406,0.299478,0.669868
0.143355,0.299479,0.669868
0.143304,0.299479,0.669868
0.143252,0.299479,0.669868
0.143200,0.299479,0.669868
0.143147,0.299479,0.669868
0.143093,0.299479,0.669868
0.143040,0.299479,0.669868
0.142986,0.299480,0.669868
0.142931,0.299480,0.669868
0.142876,0.299480,0.669868
0.142820,0.299480,0.669868
0.142764,0.299480,0.669868
0.142708,0.299480,0.669868
0.142651,0.299480,0.669868
0.142594,0.299481,0.669868
0.142536,0.299481,0.669868
0.142478,0.299481,0.669868
0.142419,0.299481,0.669868
0.142360,0.299481,0.669869
0.142300,0.299481,0.669869
0.142240,0.299482,0.669869
0.142179,0.299482,0.669869
0.142118,0.299482,0.669869
0.142057,0.299482,0.669869
0.141995,0.299482,0.669869
0.141933,0.299482,0.669869
0.141870,0.299483,0.669869
0.141806,0.299483,0.669869
0.141743,0.299483,0.669869
0.141678,0.299483,0.669869
0.141614,0.299483,0.669869
0.141548,0.299483,0.669869
0.141483,0.299484,0.669869
0.141416,0.299484,0.669869
0.141350,0.299484,0.669869
0.141283,0.299484,0.669869
0.141215,0.299484,0.669869
0.141147,0.299485,0.669869
0.141079,0.299485,0.669869
0.141010,0.299485,0.669869
0.140940,0.299485,0.669870
0.140870,0.299485,0.669870
0.140800,0.299485,0.669870
0.140729,0.299486,0.669870
0.140657,0.299486,0.669870
0.140585,0.299486,0.669870
0.140513,0.299486,0.669870
0.140440,0.299486,0.669870
0.140367,0.299487,0.669870
0.140293,0.299487,0.669870
0.140219,0.299487,0.669870
0.140144,0.299487,0.669870
0.140069,0.299487,0.669870
0.139993,0.299488,0.669870
0.139917,0.299488,0.669870
0.139840,0.299488,0.669870
0.139763,0.299488,0.669870
0.139685,0.299488,0.669870
0.139607,0.299489,0.669870
0.139528,0.299489,0.669870
0.139449,0.299489,0.669871
0.139369,0.299489,0.669871
0.139289,0.299490,0.669871
0.139209,0.299490,0.669871
0.139127,0.299490,0.669871
0.139046,0.299490,0.669871
0.138964,0.299490,0.669871
0.138881,0.299491,0.669871
0.138798,0.299491,0.669871
0.138714,0.299491,0.669871
0.138630,0.299491,0.669871
0.138546,0.299492,0.669871
0.138461,0.299492,0.669871
0.138375,0.299492,0.669871
0.138289,0.299492,0.669871
0.138202,0.299492,0.669871
0.138115,0.299493,0.669871
0.138028,0.299493,0.669871
0.137940,0.299493,0.669872
0.137851,0.299493,0.669872
0.137762,0.299494,0.669872
0.137673,0.299494,0.669872
0.137582,0.299494,0.669872
0.137492,0.299494,0.669872
0.137401,0.299495,0.669872
0.137309,0.299495,0.669872
0.137217,0.299495,0.669872
0.137125,0.299495,0.669872
0.137032,0.299496,0.669872
0.136938,0.299496,0.669872
0.136844,0.299496,0.669872
0.136749,0.299496,0.669872
0.136654,0.299497,0.669872
0.136559,0.299497,0.669873
0.136463,0.299497,0.669873
0.136366,0.299497,0.669873
0.136269,0.299498,0.669873
0.136171,0.299498,0.669873
0.136073,0.299498,0.669873
0.135975,0.299499,0.669873
0.135876,0.299499,0.669873
0.135776,0.299499,0.669873
0.135676,0.299499,0.669873
0.135575,0.299500,0.669873
0.135474,0.299500,0.669873
0.135373,0.299500,0.669873
0.135271,0.299500,0.669873
0.135168,0.299501,0.669873
0.135065,0.299501,0.669874
0.134961,0.299501,0.669874
0.134857,0.299502,0.669874
0.134752,0.299502,0.669874
0.134647,0.299502,0.669874
0.134542,0.299502,0.669874
0.134435,0.299503,0.669874
0.134329,0.299503,0.669874
0.134222,0.299503,0.669874
0.134114,0.299504,0.669874
0.134006,0.299504,0.669874
0.133897,0.299504,0.669874
0.133788,0.299504,0.669874
0.133678,0.299505,0.669874
0.133568,0.299505,0.669875
0.133457,0.299505,0.669875
0.133346,0.299506,0.669875
0.133234,0.299506,0.669875
0.133122,0.299506,0.669875
0.133009,0.299506,0.669875
0.132896,0.299507,0.669875
0.132782,0.299507,0.669875
0.132668,0.299507,0.669875
0.132553,0.299508,0.669875
0.132438,0.299508,0.669875
0.132322,0.299508,0.669875
0.132206,0.299509,0.669875
0.132089,0.299509,0.669876
0.131972,0.299509,0.669876
0.131854,0.299510,0.669876
0.131736,0.299510,0.669876
0.131617,0.299510,0.669876
0.131498,0.299511,0.669876
0.131378,0.299511,0.669876
0.131258,0.299511,0.669876
0.131137,0.299512,0.669876
0.131016,0.299512,0.669876
0.130894,0.299512,0.669876
0.130772,0.299513,0.669876
0.130649,0.299513,0.669877
0.130526,0.299513,0.669877
0.130402,0.299514,0.669877
0.130277,0.299514,0.669877
0.130153,0.299514,0.669877
0.130027,0.299515,0.669877
0.129901,0.299515,0.669877
0.129775,0.299515,0.669877
0.129648,0.299516,0.669877
0.129521,0.299516,0.669877
0.129393,0.299516,0.669877
0.129265,0.299517,0.669877
0.129136,0.299517,0.669878
0.129007,0.299517,0.669878
0.128877,0.299518,0.669878
0.128746,0.299518,0.669878
0.128616,0.299518,0.669878
0.128484,0.299519,0.669878
0.128353,0.299519,0.669878
0.128220,0.299519,0.669878
0.128087,0.299520,0.669878
0.127954,0.299520,0.669878
0.127820,0.299520,0.669878
0.127686,0.299521,0.669879
0.127551,0.299521,0.669879
0.127416,0.299522,0.669879
0.127280,0.299522,0.669879
0.127144,0.299522,0.669879
0.127007,0.299523,0.669879
0.126870,0.299523,0.669879
0.126732,0.299523,0.669879
0.126594,0.299524,0.669879
0.126455,0.299524,0.669879
0.126316,0.299525,0.669880
0.126176,0.299525,0.669880
0.126036,0.299525,0.669880
0.125895,0.299526,0.669880
0.125754,0.299526,0.669880
0.125612,0.299526,0.669880
0.125470,0.299527,0.669880
0.125327,0.299527,0.669880
0.125184,0.299528,0.669880
0.125040,0.299528,0.669880
0.124896,0.299528,0.669880
0.124752,0.299529,0.669881
0.124607,0.299529,0.669881
0.124461,0.299530,0.669881
0.124315,0.299530,0.669881
0.124168,0.299530,0.669881
0.124021,0.299531,0.669881
0.123874,0.299531,0.669881
0.123726,0.299532,0.669881
0.123577,0.299532,0.669881
0.123428,0.299532,0.669881
0.123279,0.299533,0.669882
0.123129,0.299533,0.669882
0.122978,0.299534,0.669882
0.122828,0.299534,0.669882
0.122676,0.299534,0.669882
0.122524,0.299535,0.669882
0.122372,0.299535,0.669882
0.122219,0.299536,0.669882
0.122066,0.299536,0.669882
0.121912,0.299536,0.669883
0.121758,0.299537,0.669883
0.121603,0.299537,0.669883
0.121448,0.299538,0.669883
0.121292,0.299538,0.669883
0.121136,0.299539,0.669883
0.120980,0.299539,0.669883
0.120823,0.299539,0.669883
0.120665,0.299540,0.669883
0.120507,0.299540,0.669883
0.120348,0.299541,0.669884
0.120190,0.299541,0.669884
0.120030,0.299541,0.669884
0.119870,0.299542,0.669884
0.119710,0.299542,0.669884
0.119549,0.299543,0.669884
0.119388,0.299543,0.669884
0.119226,0.299544,0.669884
0.119064,0.299544,0.669884
0.118901,0.299545,0.669885
0.118738,0.299545,0.669885
0.118574,0.299545,0.669885
0.118410,0.299546,0.669885
0.118246,0.299546,0.669885
0.118081,0.299547,0.669885
0.117915,0.299547,0.669885
0.117750,0.299548,0.669885
0.117583,0.299548,0.669885
0.117416,0.299549,0.669886
0.117249,0.299549,0.669886
0.117081,0.299549,0.669886
0.116913,0.299550,0.669886
0.116745,0.299550,0.669886
0.116576,0.299551,0.669886
0.116406,0.299551,0.669886
0.116236,0.299552,0.669886
0.116066,0.299552,0.669887
0.115895,0.299553,0.669887
0.115724,0.299553,0.669887
0.115552,0.299554,0.669887
0.115380,0.299554,0.669887
0.115207,0.299555,0.669887
0.115034,0.299555,0.669887
0.114860,0.299555,0.669887
0.114686,0.299556,0.669887
0.114512,0.299556,0.669888
0.114337,0.299557,0.669888
0.114162,0.299557,0.669888
0.113986,0.299558,0.669888
0.113810,0.299558,0.669888
0.113634,0.299559,0.669888
0.113456,0.299559,0.669888
0.113279,0.299560,0.669888
0.113101,0.299560,0.669889
0.112923,0.299561,0.669889
0.112744,0.299561,0.669889
0.112565,0.299562,0.669889
0.112385,0.299562,0.669889
0.112205,0.299563,0.669889
0.112025,0.299563,0.669889
0.111844,0.299564,0.669889
0.111663,0.299564,0.669890
0.111481,0.299565,0.669890
0.111299,0.299565,0.669890
0.111116,0.299566,0.669890
0.110933,0.299566,0.669890
0.110750,0.299567,0.669890
0.110566,0.299567,0.669890
0.110382,0.299568,0.669890
0.110197,0.299568,0.669891
0.110012,0.299569,0.669891
0.109826,0.299569,0.669891
0.109640,0.299570,0.669891
0.109454,0.299570,0.669891
0.109267,0.299571,0.669891
0.109080,0.299571,0.669891
0.108892,0.299572,0.669891
0.108705,0.299572,0.669892
0.108516,0.299573,0.669892
0.108327,0.299573,0.669892
0.108138,0.299574,0.669892
0.107949,0.299574,0.669892
0.107759,0.299575,0.669892
0.107568,0.299575,0.669892
0.107377,0.299576,0.669892
0.107186,0.299576,0.669893
0.106995,0.299577,0.669893
0.106803,0.299577,0.669893
0.106610,0.299578,0.669893
0.106417,0.299578,0.669893
0.106224,0.299579,0.669893
0.106031,0.299579,0.669893
0.105837,0.299580,0.669893
0.105642,0.299580,0.669894
0.105448,0.299581,0.669894
0.105252,0.299581,0.669894
0.105057,0.299582,0.669894
0.104861,0.299582,0.669894
0.104665,0.299583,0.669894
0.104468,0.299583,0.669894
0.104271,0.299584,0.669895
0.104073,0.299585,0.669895
0.103876,0.299585,0.669895
0.103677,0.299586,0.669895
0.103479,0.299586,0.669895
0.103280,0.299587,0.669895
0.103081,0.299587,0.669895
0.102881,0.299588,0.669896
0.102681,0.299588,0.669896
0.102480,0.299589,0.669896
0.102280,0.299589,0.669896
0.102078,0.299590,0.669896
0.101877,0.299590,0.669896
0.101675,0.299591,0.669896
0.101473,0.299592,0.669896
0.101270,0.299592,0.669897
0.101067,0.299593,0.669897
0.100864,0.299593,0.669897
0.100660,0.299594,0.669897
0.100456,0.299594,0.669897
0.100251,0.299595,0.669897
0.100047,0.299595,0.669897
0.099841,0.299596,0.669898
0.099636,0.299596,0.669898
0.099430,0.299597,0.669898
0.099224,0.299598,0.669898
0.099017,0.299598,0.669898
0.098810,0.299599,0.669898
0.098603,0.299599,0.669898
0.098396,0.299600,0.669899
0.098188,0.299600,0.669899
0.097979,0.299601,0.669899
0.097771,0.299602,0.669899
0.097562,0.299602,0.669899
0.097352,0.299603,0.669899
0.097143,0.299603,0.669899
0.096933,0.299604,0.669900
0.096723,0.299604,0.669900
0.096512,0.299605,0.669900
0.096301,0.299605,0.669900
0.096090,0.299606,0.669900
0.095878,0.299607,0.669900
0.095666,0.299607,0.669900
0.095454,0.299608,0.669901
0.095241,0.299608,0.669901
0.095028,0.299609,0.669901
0.094815,0.299609,0.669901
0.094601,0.299610,0.669901
0.094387,0.299611,0.669901
0.094173,0.299611,0.669901
0.093959,0.299612,0.669902
0.093744,0.299612,0.669902
0.093529,0.299613,0.669902
0.093313,0.299614,0.669902
0.093097,0.299614,0.669902
0.092881,0.299615,0.669902
0.092665,0.299615,0.669902
0.092448,0.299616,0.669903
0.092231,0.299616,0.669903
0.092014,0.299617,0.669903
0.091796,0.299618,0.669903
0.091578,0.299618,0.669903
0.091360,0.299619,0.669903
0.091141,0.299619,0.669904
0.090923,0.299620,0.669904
0.090703,0.299621,0.669904
0.090484,0.299621,0.669904
0.090264,0.299622,0.669904
0.090044,0.299622,0.669904
0.089824,0.299623,0.669904
0.089603,0.299624,0.669905
0.089383,0.299624,0.669905
0.089161,0.299625,0.669905
0.088940,0.299625,0.669905
0.088718,0.299626,0.669905
0.088496,0.299627,0.669905
0.088274,0.299627,0.669906
0.088051,0.299628,0.669906
0.087829,0.299628,0.669906
0.087605,0.299629,0.669906
0.087382,0.299630,0.669906
0.087158,0.299630,0.669906
0.086934,0.299631,0.669906
0.086710,0.299631,0.669907
0.086486,0.299632,0.669907
0.086261,0.299633,0.669907
0.086036,0.299633,0.669907
0.085811,0.299634,0.669907
0.085585,0.299634,0.669907
0.085360,0.299635,0.669907
0.085134,0.299636,0.669908
0.084907,0.299636,0.669908
0.084681,0.299637,0.669908
0.084454,0.299637,0.669908
0.084227,0.299638,0.669908
0.084000,0.299639,0.669908
0.083772,0.299639,0.669909
0.083544,0.299640,0.669909
0.083316,0.299640,0.669909
0.083088,0.299641,0.669909
0.082859,0.299642,0.669909
0.082631,0.299642,0.669909
0.082402,0.299643,0.669910
0.082172,0.299644,0.669910
0.081943,0.299644,0.669910
0.081713,0.299645,0.669910
0.081483,0.299645,0.669910
0.081253,0.299646,0.669910
0.081023,0.299647,0.669910
0.080792,0.299647,0.669911
0.080561,0.299648,0.669911
0.080330,0.299649,0.669911
0.080099,0.299649,0.669911
0.079867,0.299650,0.669911
0.079635,0.299650,0.669911
0.079403,0.299651,0.669912
0.079171,0.299652,0.669912
0.078939,0.299652,0.669912
0.078706,0.299653,0.669912
0.078473,0.299654,0.669912
0.078240,0.299654,0.669912
0.078007,0.299655,0.669913
0.077773,0.299655,0.669913
0.077540,0.299656,0.669913
0.077306,0.299657,0.669913
0.077072,0.299657,0.669913
0.076837,0.299658,0.669913
0.076603,0.299659,0.669913
0.076368,0.299659,0.669914
0.076133,0.299660,0.669914
0.075898,0.299661,0.669914
0.075663,0.299661,0.669914
0.075428,0.299662,0.669914
0.075192,0.299662,0.669914
0.074956,0.299663,0.669915
0.074720,0.299664,0.669915
0.074484,0.299664,0.669915
0.074247,0.299665,0.669915
0.074011,0.299666,0.669915
0.073774,0.299666,0.669915
0.073537,0.299667,0.669916
0.073300,0.299668,0.669916
0.073063,0.299668,0.669916
0.072825,0.299669,0.669916
0.072588,0.299669,0.669916
0.072350,0.299670,0.669916
0.072112,0.299671,0.669917
0.071874,0.299671,0.669917
0.071635,0.299672,0.669917
0.071397,0.299673,0.669917
0.071158,0.299673,0.669917
0.070919,0.299674,0.669917
0.070680,0.299675,0.669918
0.070441,0.299675,0.669918
0.070202,0.299676,0.669918
0.069963,0.299677,0.669918
0.069723,0.299677,0.669918
0.069483,0.299678,0.669918
0.069243,0.299678,0.669919
0.069003,0.299679,0.669919
0.068763,0.299680,0.669919
0.068523,0.299680,0.669919
0.068283,0.299681,0.669919
0.068042,0.299682,0.669919
0.067801,0.299682,0.669919
0.067560,0.299683,0.669920
0.067319,0.299684,0.669920
0.067078,0.299684,0.669920
0.066837,0.299685,0.669920
0.066596,0.299686,0.669920
0.066354,0.299686,0.669920
0.066112,0.299687,0.669921
0.065871,0.299688,0.669921
0.065629,0.299688,0.669921
0.065387,0.299689,0.669921
0.065145,0.299690,0.669921
0.064902,0.299690,0.669921
0.064660,0.299691,0.669922
0.064417,0.299691,0.669922
0.064175,0.299692,0.669922
0.063932,0.299693,0.669922
0.063689,0.299693,0.669922
0.063446,0.299694,0.669922
0.063203,0.299695,0.669923
0.062960,0.299695,0.669923
0.062717,0.299696,0.669923
0.062474,0.299697,0.669923
0.062230,0.299697,0.669923
0.061987,0.299698,0.669923
0.061743,0.299699,0.669924
0.061499,0.299699,0.669924
0.061255,0.299700,0.669924
0.061011,0.299701,0.669924
0.060767,0.299701,0.669924
0.060523,0.299702,0.669924
0.060279,0.299703,0.669925
0.060035,0.299703,0.669925
0.059791,0.299704,0.669925
0.059546,0.299705,0.669925
0.059302,0.299705,0.669925
0.059057,0.299706,0.669925
0.058812,0.299707,0.669926
0.058568,0.299707,0.669926
0.058323,0.299708,0.669926
0.058078,0.299709,0.669926
0.057833,0.299709,0.669926
0.057588,0.299710,0.669926
0.057343,0.299711,0.669927
0.057098,0.299711,0.669927
0.056853,0.299712,0.669927
0.056608,0.299713,0.669927
0.056362,0.299713,0.669927
0.056117,0.299714,0.669927
0.055871,0.299715,0.669928
0.055626,0.299715,0.669928
0.055380,0.299716,0.669928
0.055135,0.299716,0.669928
0.054889,0.299717,0.669928
0.054644,0.299718,0.669928
0.054398,0.299718,0.669929
0.054152,0.299719,0.669929
0.053906,0.299720,0.669929
0.053661,0.299720,0.669929
0.053415,0.299721,0.669929
0.053169,0.299722,0.669929
0.052923,0.299722,0.669930
0.052677,0.299723,0.669930
0.052431,0.299724,0.669930
0.052185,0.299724,0.669930
0.051939,0.299725,0.669930
0.051693,0.299726,0.669931
0.051447,0.299726,0.669931
0.051201,0.299727,0.669931
0.050954,0.299728,0.669931
0.050708,0.299728,0.669931
0.050462,0.299729,0.669931
0.050216,0.299730,0.669932
0.049970,0.299730,0.669932
0.049723,0.299731,0.669932
0.049477,0.299732,0.669932
0.049231,0.299732,0.669932
0.048985,0.299733,0.669932
0.048739,0.299734,0.669933
0.048492,0.299734,0.669933
0.048246,0.299735,0.669933
0.048000,0.299736,0.669933
0.047754,0.299736,0.669933
0.047507,0.299737,0.669933
0.047261,0.299738,0.669934
0.047015,0.299738,0.669934
0.046769,0.299739,0.669934
0.046523,0.299740,0.669934
0.046276,0.299740,0.669934
0.046030,0.299741,0.669934
0.045784,0.299742,0.669935
0.045538,0.299742,0.669935
0.045292,0.299743,0.669935
0.045046,0.299744,0.669935
0.044800,0.299744,0.669935
0.044554,0.299745,0.669935
0.044308,0.299746,0.669936
0.044062,0.299746,0.669936
0.043816,0.299747,0.669936
0.043570,0.299748,0.669936
0.043324,0.299748,0.669936
0.043078,0.299749,0.669936
0.042833,0.299750,0.669937
0.042587,0.299750,0.669937
0.042341,0.299751,0.669937
0.042095,0.299752,0.669937
0.041850,0.299752,0.669937
0.041604,0.299753,0.669937
0.041359,0.299754,0.669938
0.041113,0.299754,0.669938
0.040868,0.299755,0.669938
0.040623,0.299756,0.669938
0.040377,0.299756,0.669938
0.040132,0.299757,0.669938
0.039887,0.299758,0.669939
0.039642,0.299758,0.669939
0.039397,0.299759,0.669939
0.039152,0.299760,0.669939
0.038907,0.299760,0.669939
0.038662,0.299761,0.669939
0.038417,0.299762,0.669940
0.038172,0.299762,0.669940
0.037928,0.299763,0.669940
0.037683,0.299764,0.669940
0.037439,0.299764,0.669940
0.037194,0.299765,0.669940
0.036950,0.299766,0.669941
0.036706,0.299766,0.669941
0.036461,0.299767,0.669941
0.036217,0.299768,0.669941
0.035973,0.299768,0.669941
0.035729,0.299769,0.669941
0.035486,0.299769,0.669942
0.035242,0.299770,0.669942
0.034998,0.299771,0.669942
0.034755,0.299771,0.669942
0.034511,0.299772,0.669942
0.034268,0.299773,0.669942
0.034025,0.299773,0.669943
0.033781,0.299774,0.669943
0.033538,0.299775,0.669943
0.033295,0.299775,0.669943
0.033053,0.299776,0.669943
0.032810,0.299777,0.669943
0.032567,0.299777,0.669944
0.032325,0.299778,0.669944
0.032082,0.299779,0.669944
0.031840,0.299779,0.669944
0.031598,0.299780,0.669944
0.031356,0.299781,0.669944
0.031114,0.299781,0.669945
0.030872,0.299782,0.669945
0.030631,0.299783,0.669945
0.030389,0.299783,0.669945
0.030148,0.299784,0.669945
0.029907,0.299785,0.669945
0.029665,0.299785,0.669946
0.029424,0.299786,0.669946
0.029184,0.299786,0.669946
0.028943,0.299787,0.669946
0.028702,0.299788,0.669946
0.028462,0.299788,0.669946
0.028221,0.299789,0.669947
0.027981,0.299790,0.669947
0.027741,0.299790,0.669947
0.027501,0.299791,0.669947
0.027262,0.299792,0.669947
0.027022,0.299792,0.669947
0.026783,0.299793,0.669948
0.026543,0.299794,0.669948
0.026304,0.299794,0.669948
0.026065,0.299795,0.669948
0.025827,0.299796,0.669948
0.025588,0.299796,0.669948
0.025349,0.299797,0.669949
0.025111,0.299797,0.669949
0.024873,0.299798,0.669949
0.024635,0.299799,0.669949
0.024397,0.299799,0.669949
0.024160,0.299800,0.669949
0.023922,0.299801,0.669949
0.023685,0.299801,0.669950
0.023448,0.299802,0.669950
0.023211,0.299803,0.669950
0.022974,0.299803,0.669950
0.022737,0.299804,0.669950
0.022501,0.299804,0.669950
0.022265,0.299805,0.669951
0.022029,0.299806,0.669951
0.021793,0.299806,0.669951
0.021557,0.299807,0.669951
0.021322,0.299808,0.669951
0.021086,0.299808,0.669951
0.020851,0.299809,0.669952
0.020617,0.299810,0.669952
0.020382,0.299810,0.669952
0.020147,0.299811,0.669952
0.019913,0.299811,0.669952
0.019679,0.299812,0.669952
0.019445,0.299813,0.669953
0.019211,0.299813,0.669953
0.018978,0.299814,0.669953
0.018745,0.299815,0.669953
0.018512,0.299815,0.669953
0.018279,0.299816,0.669953
0.018046,0.299817,0.669953
0.017814,0.299817,0.669954
0.017581,0.299818,0.669954
0.017349,0.299818,0.669954
0.017118,0.299819,0.669954
0.016886,0.299820,0.669954
0.016655,0.299820,0.669954
0.016424,0.299821,0.669955
0.016193,0.299822,0.669955
0.015962,0.299822,0.669955
0.015732,0.299823,0.669955
0.015502,0.299823,0.669955
0.015272,0.299824,0.669955
0.015042,0.299825,0.669956
0.014812,0.299825,0.669956
0.014583,0.299826,0.669956
0.014354,0.299826,0.669956
0.014125,0.299827,0.669956
0.013897,0.299828,0.669956
0.013669,0.299828,0.669956
0.013441,0.299829,0.669957
0.013213,0.299830,0.669957
0.012985,0.299830,0.669957
0.012758,0.299831,0.669957
0.012531,0.299831,0.669957
0.012304,0.299832,0.669957
0.012077,0.299833,0.669958
0.011851,0.299833,0.669958
0.011625,0.299834,0.669958
0.011399,0.299834,0.669958
0.011174,0.299835,0.669958
0.010949,0.299836,0.669958
0.010724,0.299836,0.669958
0.010499,0.299837,0.669959
0.010274,0.299837,0.669959
0.010050,0.299838,0.669959
0.009826,0.299839,0.669959
0.009603,0.299839,0.669959
0.009379,0.299840,0.669959
0.009156,0.299840,0.669960
0.008933,0.299841,0.669960
0.008711,0.299842,0.669960
0.008488,0.299842,0.669960
0.008266,0.299843,0.669960
0.008045,0.299843,0.669960
0.007823,0.299844,0.669960
0.007602,0.299845,0.669961
0.007381,0.299845,0.669961
0.007161,0.299846,0.669961
0.006940,0.299846,0.669961
0.006720,0.299847,0.669961
0.006501,0.299848,0.669961
0.006281,0.299848,0.669962
0.006062,0.299849,0.669962
0.005843,0.299849,0.669962
0.005625,0.299850,0.669962
0.005407,0.299851,0.669962
0.005189,0.299851,0.669962
0.004971,0.299852,0.669962
0.004754,0.299852,0.669963
0.004537,0.299853,0.669963
0.004320,0.299854,0.669963
0.004104,0.299854,0.669963
0.003887,0.299855,0.669963
0.003672,0.299855,0.669963
0.003456,0.299856,0.669963
0.003241,0.299856,0.669964
0.003026,0.299857,0.669964
0.002812,0.299858,0.669964
0.002597,0.299858,0.669964
0.002383,0.299859,0.669964
0.002170,0.299859,0.669964
0.001957,0.299860,0.669964
0.001744,0.299860,0.669965
0.001531,0.299861,0.669965
0.001319,0.299862,0.669965
0.001107,0.299862,0.669965
0.000895,0.299863,0.669965
0.000684,0.299863,0.669965
0.000473,0.299864,0.669966
0.000262,0.299864,0.669966
0.000052,0.299865,0.669966
-0.000158,0.299866,0.669966
-0.000368,0.299866,0.669966
-0.000577,0.299867,0.669966
-0.000786,0.299867,0.669966
-0.000995,0.299868,0.669967
-0.001203,0.299868,0.669967
-0.001411,0.299869,0.669967
-0.001618,0.299870,0.669967
-0.001826,0.299870,0.669967
-0.002033,0.299871,0.669967
-0.002239,0.299871,0.669967
-0.002445,0.299872,0.669967
-0.002651,0.299872,0.669968
-0.002857,0.299873,0.669968
-0.003062,0.299873,0.669968
-0.003267,0.299874,0.669968
-0.003471,0.299875,0.669968
-0.003675,0.299875,0.669968
-0.003879,0.299876,0.669968
-0.004082,0.299876,0.669969
-0.004285,0.299877,0.669969
-0.004488,0.299877,0.669969
-0.004690,0.299878,0.669969
-0.004892,0.299878,0.669969
-0.005094,0.299879,0.669969
-0.005295,0.299879,0.669969
-0.005496,0.299880,0.669970
-0.005696,0.299881,0.669970
-0.005896,0.299881,0.669970
-0.006096,0.299882,0.669970
-0.006295,0.299882,0.669970
-0.006494,0.299883,0.669970
-0.006693,0.299883,0.669970
-0.006891,0.299884,0.669971
-0.007089,0.299884,0.669971
-0.007286,0.299885,0.669971
-0.007483,0.299885,0.669971
-0.007680,0.299886,0.669971
-0.007876,0.299886,0.669971
-0.008072,0.299887,0.669971
-0.008268,0.299887,0.669971
-0.008463,0.299888,0.669972
-0.008658,0.299889,0.669972
-0.008852,0.299889,0.669972
-0.009046,0.299890,0.669972
-0.009239,0.299890,0.669972
-0.009433,0.299891,0.669972
-0.009625,0.299891,0.669972
-0.009818,0.299892,0.669973
-0.010010,0.299892,0.669973
-0.010201,0.299893,0.669973
-0.010393,0.299893,0.669973
-0.010583,0.299894,0.669973
-0.010774,0.299894,0.669973
-0.010964,0.299895,0.669973
-0.011153,0.299895,0.669973
-0.011343,0.299896,0.669974
-0.011531,0.299896,0.669974
-0.011720,0.299897,0.669974
-0.011908,0.299897,0.669974
-0.012095,0.299898,0.669974
-0.012282,0.299898,0.669974
-0.012469,0.299899,0.669974
-0.012656,0.299899,0.669974
-0.012841,0.299900,0.669975
-0.013027,0.299900,0.669975
-0.013212,0.299901,0.669975
-0.013397,0.299901,0.669975
-0.013581,0.299902,0.669975
-0.013765,0.299902,0.669975
-0.013948,0.299903,0.669975
-0.014131,0.299903,0.669975
-0.014314,0.299904,0.669976
-0.014496,0.299904,0.669976
-0.014678,0.299905,0.669976
-0.014859,0.299905,0.669976
-0.015040,0.299906,0.669976
-0.015221,0.299906,0.669976
-0.015401,0.299907,0.669976
-0.015580,0.299907,0.669976
-0.015759,0.299908,0.669977
-0.015938,0.299908,0.669977
-0.016116,0.299909,0.669977
-0.016294,0.299909,0.669977
-0.016472,0.299910,0.669977
-0.016649,0.299910,0.669977
-0.016825,0.299911,0.669977
-0.017002,0.299911,0.669977
-0.017177,0.299911,0.669978
-0.017353,0.299912,0.669978
-0.017527,0.299912,0.669978
-0.017702,0.299913,0.669978
-0.017876,0.299913,0.669978
-0.018049,0.299914,0.669978
-0.018222,0.299914,0.669978
-0.018395,0.299915,0.669978
-0.018567,0.299915,0.669979
-0.018739,0.299916,0.669979
-0.018910,0.299916,0.669979
-0.019081,0.299917,0.669979
-0.019251,0.299917,0.669979
-0.019421,0.299918,0.669979
-0.019591,0.299918,0.669979
-0.019760,0.299918,0.669979
-0.019929,0.299919,0.669979
-0.020097,0.299919,0.669980
-0.020264,0.299920,0.669980
-0.020432,0.299920,0.669980
-0.020598,0.299921,0.669980
-0.020765,0.299921,0.669980
-0.020931,0.299922,0.669980
-0.021096,0.299922,0.669980
-0.021261,0.299923,0.669980
-0.021426,0.299923,0.669980
-0.021590,0.299923,0.669981
-0.021753,0.299924,0.669981
-0.021916,0.299924,0.669981
-0.022079,0.299925,0.669981
-0.022241,0.299925,0.669981
-0.022403,0.299926,0.669981
-0.022564,0.299926,0.669981
-0.022725,0.299926,0.669981
-0.022885,0.299927,0.669981
-0.023045,0.299927,0.669982
-0.023205,0.299928,0.669982
-0.023364,0.299928,0.669982
-0.023522,0.299929,0.669982
-0.023680,0.299929,0.669982
-0.023838,0.299929,0.669982
-0.023995,0.299930,0.669982
-0.024151,0.299930,0.669982
-0.024308,0.299931,0.669982
-0.024463,0.299931,0.669983
-0.024618,0.299932,0.669983
-0.024773,0.299932,0.669983
-0.024927,0.299932,0.669983
-0.025081,0.299933,0.669983
-0.025234,0.299933,0.669983
-0.025387,0.299934,0.669983
-0.025540,0.299934,0.669983
-0.025691,0.299934,0.669983
-0.025843,0.299935,0.669983
-0.025994,0.299935,0.669984
-0.026144,0.299936,0.669984
-0.026294,0.299936,0.669984
-0.026444,0.299936,0.669984
-0.026593,0.299937,0.669984
-0.026741,0.299937,0.669984
-0.026889,0.299938,0.669984
-0.027037,0.299938,0.669984
-0.027184,0.299938,0.669984
-0.027330,0.299939,0.669985
-0.027476,0.299939,0.669985
-0.027622,0.299940,0.669985
-0.027767,0.299940,0.669985
-0.027912,0.299940,0.669985
-0.028056,0.299941,0.669985
-0.028199,0.299941,0.669985
-0.028343,0.299942,0.669985
-0.028485,0.299942,0.669985
-0.028627,0.299942,0.669985
-0.028769,0.299943,0.669985
-0.028910,0.299943,0.669986
-0.029051,0.299944,0.669986
-0.029191,0.299944,0.669986
-0.029331,0.299944,0.669986
-0.029470,0.299945,0.669986
-0.029609,0.299945,0.669986
-0.029747,0.299945,0.669986
-0.029885,0.299946,0.669986
-0.030022,0.299946,0.669986
-0.030159,0.299946,0.669986
-0.030295,0.299947,0.669987
-0.030431,0.299947,0.669987
-0.030566,0.299948,0.669987
-0.030701,0.299948,0.669987
-0.030836,0.299948,0.669987
-0.030969,0.299949,0.669987
-0.031103,0.299949,0.669987
-0.031235,0.299949,0.669987
-0.031368,0.299950,0.669987
-0.031500,0.299950,0.669987
-0.031631,0.299950,0.669987
-0.031762,0.299951,0.669988
-0.031892,0.299951,0.669988
-0.032022,0.299952,0.669988
-0.032151,0.299952,0.669988
-0.032280,0.299952,0.669988
-0.032408,0.299953,0.669988
-0.032536,0.299953,0.669988
-0.032664,0.299953,0.669988
-0.032790,0.299954,0.669988
-0.032917,0.299954,0.669988
-0.033043,0.299954,0.669988
-0.033168,0.299955,0.669988
-0.033293,0.299955,0.669989
-0.033417,0.299955,0.669989
-0.033541,0.299956,0.669989
-0.033664,0.299956,0.669989
-0.033787,0.299956,0.669989
-0.033909,0.299957,0.669989
-0.034031,0.299957,0.669989
-0.034152,0.299957,0.669989
-0.034273,0.299958,0.669989
-0.034393,0.299958,0.669989
-0.034513,0.299958,0.669989
-0.034633,0.299959,0.669989
-0.034751,0.299959,0.669990
-0.034870,0.299959,0.669990
-0.034987,0.299960,0.669990
-0.035105,0.299960,0.669990
-0.035221,0.299960,0.669990
-0.035338,0.299960,0.669990
-0.035453,0.299961,0.669990
-0.035569,0.299961,0.669990
-0.035683,0.299961,0.669990
-0.035798,0.299962,0.669990
-0.035911,0.299962,0.669990
-0.036025,0.299962,0.669990
-0.036137,0.299963,0.669991
-0.036250,0.299963,0.669991
-0.036361,0.299963,0.669991
-0.036473,0.299964,0.669991
-0.036583,0.299964,0.669991
-0.036693,0.299964,0.669991
-0.036803,0.299964,0.669991
-0.036912,0.299965,0.669991
-0.037021,0.299965,0.669991
-0.037129,0.299965,0.669991
-0.037237,0.299966,0.669991
-0.037344,0.299966,0.669991
-0.037451,0.299966,0.669991
-0.037557,0.299966,0.669991
-0.037663,0.299967,0.669992
-0.037768,0.299967,0.669992
-0.037872,0.299967,0.669992
-0.037976,0.299968,0.669992
-0.038080,0.299968,0.669992
-0.038183,0.299968,0.669992
-0.038286,0.299968,0.669992
-0.038388,0.299969,0.669992
-0.038490,0.299969,0.669992
-0.038591,0.299969,0.669992
-0.038691,0.299970,0.669992
-0.038791,0.299970,0.669992
-0.038891,0.299970,0.669992
-0.038990,0.299970,0.669992
-0.039089,0.299971,0.669993
-0.039187,0.299971,0.669993
-0.039284,0.299971,0.669993
-0.039381,0.299971,0.669993
-0.039478,0.299972,0.669993
-0.039574,0.299972,0.669993
-0.039670,0.299972,0.669993
-0.039765,0.299972,0.669993
-0.039859,0.299973,0.669993
-0.039953,0.299973,0.669993
-0.040047,0.299973,0.669993
-0.040140,0.299973,0.669993
-0.040232,0.299974,0.669993
-0.040325,0.299974,0.669993
-0.040416,0.299974,0.669993
-0.040507,0.299974,0.669994
-0.040598,0.299975,0.669994
-0.040688,0.299975,0.669994
-0.040777,0.299975,0.669994
-0.040866,0.299975,0.669994
-0.040955,0.299976,0.669994
-0.041043,0.299976,0.669994
-0.041131,0.299976,0.669994
-0.041218,0.299976,0.669994
-0.041304,0.299977,0.669994
-0.041390,0.299977,0.669994
-0.041476,0.299977,0.669994
-0.041561,0.299977,0.669994
-0.041646,0.299977,0.669994
-0.041730,0.299978,0.669994
-0.041813,0.299978,0.669994
-0.041896,0.299978,0.669994
-0.041979,0.299978,0.669995
-0.042061,0.299979,0.669995
-0.042143,0.299979,0.669995
-0.042224,0.299979,0.669995
-0.042305,0.299979,0.669995
-0.042385,0.299979,0.669995
-0.042464,0.299980,0.669995
-0.042543,0.299980,0.669995
-0.042622,0.299980,0.669995
-0.042700,0.299980,0.669995
-0.042778,0.299981,0.669995
-0.042855,0.299981,0.669995
-0.042932,0.299981,0.669995
-0.043008,0.299981,0.669995
-0.043084,0.299981,0.669995
-0.043159,0.299982,0.669995
-0.043234,0.299982,0.669995
-0.043308,0.299982,0.669995
-0.043382,0.299982,0.669995
-0.043456,0.299982,0.669996
-0.043528,0.299983,0.669996
-0.043601,0.299983,0.669996
-0.043673,0.299983,0.669996
-0.043744,0.299983,0.669996
-0.043815,0.299983,0.669996
-0.043885,0.299984,0.669996
-0.043955,0.299984,0.669996
-0.044025,0.299984,0.669996
-0.044094,0.299984,0.669996
-0.044162,0.299984,0.669996
-0.044230,0.299984,0.669996
-0.044298,0.299985,0.669996
-0.044365,0.299985,0.669996
-0.044432,0.299985,0.669996
-0.044498,0.299985,0.669996
-0.044564,0.299985,0.669996
-0.044629,0.299986,0.669996
-0.044694,0.299986,0.669996
-0.044758,0.299986,0.669996
-0.044822,0.299986,0.669996
-0.044885,0.299986,0.669997
-0.044948,0.299986,0.669997
-0.045010,0.299987,0.669997
-0.045072,0.299987,0.669997
-0.045134,0.299987,0.669997
-0.045195,0.299987,0.669997
-0.045255,0.299987,0.669997
-0.045315,0.299987,0.669997
-0.045375,0.299988,0.669997
-0.045434,0.299988,0.669997
-0.045493,0.299988,0.669997
-0.045551,0.299988,0.669997
-0.045609,0.299988,0.669997
-0.045666,0.299988,0.669997
-0.045723,0.299988,0.669997
-0.045780,0.299989,0.669997
-0.045836,0.299989,0.669997
-0.045891,0.299989,0.669997
-0.045946,0.299989,0.669997
-0.046001,0.299989,0.669997
-0.046055,0.299989,0.669997
-0.046109,0.299990,0.669997
-0.046162,0.299990,0.669997
-0.046215,0.299990,0.669997
-0.046267,0.299990,0.669997
-0.046319,0.299990,0.669997
-0.046371,0.299990,0.669998
-0.046422,0.299990,0.669998
-0.046472,0.299990,0.669998
-0.046522,0.299991,0.669998
-0.046572,0.299991,0.669998
-0.046621,0.299991,0.669998
-0.046670,0.299991,0.669998
-0.046719,0.299991,0.669998
-0.046767,0.299991,0.669998
-0.046814,0.299991,0.669998
-0.046861,0.299992,0.669998
-0.046908,0.299992,0.669998
-0.046954,0.299992,0.669998
-0.047000,0.299992,0.669998
-0.047046,0.299992,0.669998
-0.047091,0.299992,0.669998
-0.047135,0.299992,0.669998
-0.047179,0.299992,0.669998
-0.047223,0.299993,0.669998
-0.047266,0.299993,0.669998
-0.047309,0.299993,0.669998
-0.047352,0.299993,0.669998
-0.047394,0.299993,0.669998
-0.047435,0.299993,0.669998
-0.047477,0.299993,0.669998
-0.047517,0.299993,0.669998
-0.047558,0.299993,0.669998
-0.047598,0.299994,0.669998
-0.047637,0.299994,0.669998
-0.047677,0.299994,0.669998
-0.047715,0.299994,0.669998
-0.047754,0.299994,0.669998
-0.047792,0.299994,0.669998
-0.047829,0.299994,0.669999
-0.047866,0.299994,0.669999
-0.047903,0.299994,0.669999
-0.047940,0.299994,0.669999
-0.047976,0.299995,0.669999
-0.048011,0.299995,0.669999
-0.048046,0.299995,0.669999
-0.048081,0.299995,0.669999
-0.048115,0.299995,0.669999
-0.048149,0.299995,0.669999
-0.048183,0.299995,0.669999
-0.048216,0.299995,0.669999
-0.048249,0.299995,0.669999
-0.048282,0.299995,0.669999
-0.048314,0.299995,0.669999
-0.048346,0.299996,0.669999
-0.048377,0.299996,0.669999
-0.048408,0.299996,0.669999
-0.048438,0.299996,0.669999
-0.048469,0.299996,0.669999
-0.048499,0.299996,0.669999
-0.048528,0.299996,0.669999
-0.048557,0.299996,0.669999
-0.048586,0.299996,0.669999
-0.048614,0.299996,0.669999
-0.048642,0.299996,0.669999
-0.048670,0.299996,0.669999
-0.048697,0.299996,0.669999
-0.048724,0.299997,0.669999
-0.048751,0.299997,0.669999
-0.048777,0.299997,0.669999
-0.048803,0.299997,0.669999
-0.048829,0.299997,0.669999
-0.048854,0.299997,0.669999
-0.048879,0.299997,0.669999
-0.048903,0.299997,0.669999
-0.048927,0.299997,0.669999
-0.048951,0.299997,0.669999
-0.048975,0.299997,0.669999
-0.048998,0.299997,0.669999
-0.049021,0.299997,0.669999
-0.049043,0.299997,0.669999
-0.049065,0.299997,0.669999
-0.049087,0.299998,0.669999
-0.049109,0.299998,0.669999
-0.049130,0.299998,0.669999
-0.049151,0.299998,0.669999
-0.049171,0.299998,0.669999
-0.049191,0.299998,0.669999
-0.049211,0.299998,0.669999
-0.049231,0.299998,0.669999
-0.049250,0.299998,0.669999
-0.049269,0.299998,0.670000
-0.049288,0.299998,0.670000
-0.049306,0.299998,0.670000
-0.049324,0.299998,0.670000
-0.049342,0.299998,0.670000
-0.049359,0.299998,0.670000
-0.049376,0.299998,0.670000
-0.049393,0.299998,0.670000
-0.049410,0.299998,0.670000
-0.049426,0.299998,0.670000
-0.049442,0.299998,0.670000
-0.049458,0.299999,0.670000
-0.049473,0.299999,0.670000
-0.049488,0.299999,0.670000
-0.049503,0.299999,0.670000
-0.049518,0.299999,0.670000
-0.049532,0.299999,0.670000
-0.049546,0.299999,0.670000
-0.049560,0.299999,0.670000
-0.049573,0.299999,0.670000
-0.049586,0.299999,0.670000
-0.049599,0.299999,0.670000
-0.049612,0.299999,0.670000
-0.049624,0.299999,0.670000
-0.049636,0.299999,0.670000
-0.049648,0.299999,0.670000
-0.049660,0.299999,0.670000
-0.049671,0.299999,0.670000
-0.049682,0.299999,0.670000
-0.049693,0.299999,0.670000
-0.049704,0.299999,0.670000
-0.049714,0.299999,0.670000
-0.049725,0.299999,0.670000
-0.049734,0.299999,0.670000
-0.049744,0.299999,0.670000
-0.049754,0.299999,0.670000
-0.049763,0.299999,0.670000
-0.049772,0.299999,0.670000
-0.049781,0.299999,0.670000
-0.049789,0.299999,0.670000
-0.049798,0.299999,0.670000
-0.049806,0.299999,0.670000
-0.049814,0.299999,0.670000
-0.049821,0.300000,0.670000
-0.049829,0.300000,0.670000
-0.049836,0.300000,0.670000
-0.049843,0.300000,0.670000
-0.049850,0.300000,0.670000
-0.049857,0.300000,0.670000
-0.049863,0.300000,0.670000
-0.049869,0.300000,0.670000
-0.049875,0.300000,0.670000
-0.049881,0.300000,0.670000
-0.049887,0.300000,0.670000
-0.049893,0.300000,0.670000
-0.049898,0.300000,0.670000
-0.049903,0.300000,0.670000
-0.049908,0.300000,0.670000
-0.049913,0.300000,0.670000
-0.049918,0.300000,0.670000
-0.049922,0.300000,0.670000
-0.049926,0.300000,0.670000
-0.049931,0.300000,0.670000
-0.049935,0.300000,0.670000
-0.049939,0.300000,0.670000
-0.049942,0.300000,0.670000
-0.049946,0.300000,0.670000
-0.049949,0.300000,0.670000
-0.049952,0.300000,0.670000
-0.049956,0.300000,0.670000
-0.049959,0.300000,0.670000
-0.049961,0.300000,0.670000
-0.049964,0.300000,0.670000
-0.049967,0.300000,0.670000
-0.049969,0.300000,0.670000
-0.049972,0.300000,0.670000
-0.049974,0.300000,0.670000
-0.049976,0.300000,0.670000
-0.049978,0.300000,0.670000
-0.049980,0.300000,0.670000
-0.049981,0.300000,0.670000
-0.049983,0.300000,0.670000
-0.049985,0.300000,0.670000
-0.049986,0.300000,0.670000
-0.049988,0.300000,0.670000
-0.049989,0.300000,0.670000
-0.049990,0.300000,0.670000
-0.049991,0.300000,0.670000
-0.049992,0.300000,0.670000
-0.049993,0.300000,0.670000
-0.049994,0.300000,0.670000
-0.049995,0.300000,0.670000
-0.049995,0.300000,0.670000
-0.049996,0.300000,0.670000
-0.049997,0.300000,0.670000
-0.049997,0.300000,0.670000
-0.049998,0.300000,0.670000
-0.049998,0.300000,0.670000
-0.049998,0.300000,0.670000
-0.049999,0.300000,0.670000
-0.049999,0.300000,0.670000
-0.049999,0.300000,0.670000
-0.049999,0.300000,0.670000
-0.050000,0.300000,0.670000
-0.050000,0.300000,0.670000
-0.050000,0.300000,0.670000
-0.050000,0.300000,0.670000
-0.050000,0.300000,0.670000
-0.050000,0.300000,0.670000
-0.050000,0.300000,0.670000
-0.050000,0.300000,0.670000
-0.050000,0.300000,0.670000
