x,y,z
-0.348023,0.318793,0.511174
-0.348023,0.318793,0.511174
-0.348023,0.318793,0.511174
-0.348023,0.318793,0.511174
-0.348023,0.318793,0.511174
-0.348023,0.318793,0.511174
-0.348023,0.318793,0.511174
-0.348023,0.318793,0.511174
-0.348023,0.318793,0.511174
-0.348023,0.318793,0.511174
-0.348023,0.318793,0.511174
-0.348023,0.318793,0.511174
-0.348024,0.318793,0.511174
-0.348024,0.318793,0.511174
-0.348024,0.318793,0.511174
-0.348024,0.318793,0.511174
-0.348024,0.318792,0.511173
-0.348024,0.318792,0.511173
-0.348024,0.318792,0.511173
-0.348024,0.318792,0.511173
-0.348024,0.318792,0.511173
-0.348024,0.318792,0.511173
-0.348024,0.318791,0.511173
-0.348024,0.318791,0.511173
-0.348024,0.318791,0.511172
-0.348024,0.318790,0.511172
-0.348024,0.318790,0.511172
-0.348024,0.318790,0.511172
-0.348024,0.318789,0.511172
-0.348024,0.318789,0.511171
-0.348024,0.318788,0.511171
-0.348024,0.318788,0.511171
-0.348024,0.318787,0.511170
-0.348024,0.318787,0.511170
-0.348024,0.318786,0.511170
-0.348024,0.318786,0.511169
-0.348024,0.318785,0.511169
-0.348024,0.318784,0.511169
-0.348024,0.318783,0.511168
-0.348025,0.318783,0.511168
-0.348025,0.318782,0.511167
-0.348025,0.318781,0.511167
-0.348025,0.318780,0.511166
-0.348025,0.318779,0.511166
-0.348025,0.318778,0.511165
-0.348025,0.318777,0.511164
-0.348025,0.318776,0.511164
-0.348025,0.318775,0.511163
-0.348026,0.318774,0.511162
-0.348026,0.318773,0.511162
-0.348026,0.318771,0.511161
-0.348026,0.318770,0.511160
-0.348026,0.318769,0.511159
-0.348026,0.318767,0.511159
-0.348026,0.318766,0.511158
-0.348026,0.318764,0.511157
-0.348027,0.318763,0.511156
-0.348027,0.318761,0.511155
-0.348027,0.318760,0.511154
-0.348027,0.318758,0.511153
-0.348027,0.318756,0.511152
-0.348028,0.318754,0.511151
-0.348028,0.318752,0.511150
-0.348028,0.318751,0.511149
-0.348028,0.318749,0.511147
-0.348028,0.318746,0.511146
-0.348029,0.318744,0.511145
-0.348029,0.318742,0.511144
-0.348029,0.318740,0.511142
-0.348029,0.318738,0.511141
-0.348030,0.318735,0.511139
-0.348030,0.318733,0.511138
-0.348030,0.318730,0.511137
-0.348030,0.318728,0.511135
-0.348031,0.318725,0.511133
-0.348031,0.318723,0.511132
-0.348031,0.318720,0.511130
-0.348031,0.318717,0.511129
-0.348032,0.318714,0.511127
-0.348032,0.318711,0.511125
-0.348032,0.318708,0.511123
-0.348033,0.318705,0.511121
-0.348033,0.318702,0.511120
-0.348033,0.318699,0.511118
-0.348034,0.318695,0.511116
-0.348034,0.318692,0.511114
-0.348034,0.318689,0.511112
-0.348035,0.318685,0.511110
-0.348035,0.318681,0.511107
-0.348036,0.318678,0.511105
-0.348036,0.318674,0.511103
-0.348036,0.318670,0.511101
-0.348037,0.318666,0.511098
-0.348037,0.318662,0.511096
-0.348038,0.318658,0.511094
-0.348038,0.318654,0.511091
-0.348039,0.318650,0.511089
-0.348039,0.318646,0.511086
-0.348039,0.318641,0.511084
-0.348040,0.318637,0.511081
-0.348040,0.318632,0.511078
-0.348041,0.318628,0.511076
-0.348041,0.318623,0.511073
-0.348042,0.318618,0.511070
-0.348042,0.318613,0.511067
-0.348043,0.318608,0.511064
-0.348043,0.318603,0.511061
-0.348044,0.318598,0.511058
-0.348045,0.318593,0.511055
-0.348045,0.318588,0.511052
-0.348046,0.318583,0.511049
-0.348046,0.318577,0.511045
-0.348047,0.318572,0.511042
-0.348047,0.318566,0.511039
-0.348048,0.318560,0.511035
-0.348049,0.318554,0.511032
-0.348049,0.318549,0.511028
-0.348050,0.318543,0.511025
-0.348050,0.318536,0.511021
-0.348051,0.318530,0.511018
-0.348052,0.318524,0.511014
-0.348052,0.318518,0.511010
-0.348053,0.318511,0.511006
-0.348054,0.318505,0.511002
-0.348054,0.318498,0.510999
-0.348055,0.318492,0.510995
-0.348056,0.318485,0.510990
-0.348057,0.318478,0.510986
-0.348057,0.318471,0.510982
-0.348058,0.318464,0.510978
-0.348059,0.318457,0.510974
-0.348060,0.318449,0.510969
-0.348060,0.318442,0.510965
-0.348061,0.318435,0.510961
-0.348062,0.318427,0.510956
-0.348063,0.318419,0.510952
-0.348064,0.318412,0.510947
-0.348064,0.318404,0.510942
-0.348065,0.318396,0.510938
-0.348066,0.318388,0.510933
-0.348067,0.318380,0.510928
-0.348068,0.318372,0.510923
-0.348069,0.318363,0.510918
-0.348070,0.318355,0.510913
-0.348070,0.318346,0.510908
-0.348071,0.318338,0.510903
-0.348072,0.318329,0.510898
-0.348073,0.318320,0.510893
-0.348074,0.318311,0.510887
-0.348075,0.318302,0.510882
-0.348076,0.318293,0.510877
-0.348077,0.318284,0.510871
-0.348078,0.318275,0.510866
-0.348079,0.318265,0.510860
-0.348080,0.318256,0.510854
-0.348081,0.318246,0.510849
-0.348082,0.318236,0.510843
-0.348083,0.318226,0.510837
-0.348084,0.318217,0.510831
-0.348085,0.318206,0.510825
-0.348086,0.318196,0.510819
-0.348087,0.318186,0.510813
-0.348088,0.318176,0.510807
-0.348090,0.318165,0.510801
-0.348091,0.318155,0.510794
-0.348092,0.318144,0.510788
-0.348093,0.318133,0.510782
-0.348094,0.318123,0.510775
-0.348095,0.318112,0.510769
-0.348096,0.318100,0.510762
-0.348097,0.318089,0.510755
-0.348099,0.318078,0.510749
-0.348100,0.318067,0.510742
-0.348101,0.318055,0.510735
-0.348102,0.318044,0.510728
-0.348104,0.318032,0.510721
-0.348105,0.318020,0.510714
-0.348106,0.318008,0.510707
-0.348107,0.317996,0.510700
-0.348109,0.317984,0.510693
-0.348110,0.317972,0.510686
-0.348111,0.317959,0.510678
-0.348112,0.317947,0.510671
-0.348114,0.317934,0.510663
-0.348115,0.317922,0.510656
-0.348116,0.317909,0.510648
-0.348118,0.317896,0.510641
-0.348119,0.317883,0.510633
-0.348121,0.317870,0.510625
-0.348122,0.317857,0.510617
-0.348123,0.317844,0.510609
-0.348125,0.317830,0.510601
-0.348126,0.317817,0.510593
-0.348128,0.317803,0.510585
-0.348129,0.317789,0.510577
-0.348131,0.317776,0.510569
-0.348132,0.317762,0.510561
-0.348133,0.317747,0.510552
-0.348135,0.317733,0.510544
-0.348136,0.317719,0.510535
-0.348138,0.317705,0.510527
-0.348139,0.317690,0.510518
-0.348141,0.317676,0.510509
-0.348143,0.317661,0.510501
-0.348144,0.317646,0.510492
-0.348146,0.317631,0.510483
-0.348147,0.317616,0.510474
-0.348149,0.317601,0.510465
-0.348150,0.317586,0.510456
-0.348152,0.317570,0.510447
-0.348154,0.317555,0.510438
-0.348155,0.317539,0.510428
-0.348157,0.317524,0.510419
-0.348159,0.317508,0.510410
-0.348160,0.317492,0.510400
-0.348162,0.317476,0.510391
-0.348164,0.317460,0.510381
-0.348165,0.317444,0.510372
-0.348167,0.317427,0.510362
-0.348169,0.317411,0.510352
-0.348171,0.317394,0.510342
-0.348172,0.317378,0.510332
-0.348174,0.317361,0.510322
-0.348176,0.317344,0.510312
-0.348178,0.317327,0.510302
-0.348179,0.317310,0.510292
-0.348181,0.317293,0.510282
-0.348183,0.317275,0.510272
-0.348185,0.317258,0.510261
-0.348187,0.317241,0.510251
-0.348189,0.317223,0.510240
-0.348190,0.317205,0.510230
-0.348192,0.317187,0.510219
-0.348194,0.317169,0.510208
-0.348196,0.317151,0.510198
-0.348198,0.317133,0.510187
-0.348200,0.317115,0.510176
-0.348202,0.317096,0.510165
-0.348204,0.317078,0.510154
-0.348206,0.317059,0.510143
-0.348208,0.317041,0.510132
-0.348210,0.317022,0.510121
-0.348212,0.317003,0.510109
-0.348214,0.316984,0.510098
-0.348216,0.316965,0.510087
-0.348218,0.316946,0.510075
-0.348220,0.316926,0.510064
-0.348222,0.316907,0.510052
-0.348224,0.316887,0.510041
-0.348226,0.316868,0.510029
-0.348228,0.316848,0.510017
-0.348230,0.316828,0.510005
-0.348232,0.316808,0.509994
-0.348234,0.316788,0.509982
-0.348236,0.316768,0.509970
-0.348239,0.316747,0.509958
-0.348241,0.316727,0.509945
-0.348243,0.316706,0.509933
-0.348245,0.316686,0.509921
-0.348247,0.316665,0.509909
-0.348249,0.316644,0.509896
-0.348252,0.316623,0.509884
-0.348254,0.316602,0.509871
-0.348256,0.316581,0.509859
-0.348258,0.316560,0.509846
-0.348261,0.316539,0.509833
-0.348263,0.316517,0.509821
-0.348265,0.316496,0.509808
-0.348267,0.316474,0.509795
-0.348270,0.316452,0.509782
-0.348272,0.316430,0.509769
-0.348274,0.316408,0.509756
-0.348277,0.316386,0.509743
-0.348279,0.316364,0.509730
-0.348281,0.316342,0.509717
-0.348284,0.316320,0.509703
-0.348286,0.316297,0.509690
-0.348288,0.316275,0.509676
-0.348291,0.316252,0.509663
-0.348293,0.316229,0.509649
-0.348296,0.316206,0.509636
-0.348298,0.316183,0.509622
-0.348300,0.316160,0.509608
-0.348303,0.316137,0.509595
-0.348305,0.316114,0.509581
-0.348308,0.316091,0.509567
-0.348310,0.316067,0.509553
-0.348313,0.316044,0.509539
-0.348315,0.316020,0.509525
-0.348318,0.315996,0.509511
-0.348320,0.315972,0.509497
-0.348323,0.315948,0.509482
-0.348325,0.315924,0.509468
-0.348328,0.315900,0.509454
-0.348330,0.315876,0.509439
-0.348333,0.315852,0.509425
-0.348335,0.315827,0.509410
-0.348338,0.315803,0.509396
-0.348341,0.315778,0.509381
-0.348343,0.315753,0.509366
-0.348346,0.315728,0.509352
-0.348348,0.315703,0.509337
-0.348351,0.315678,0.509322
-0.348354,0.315653,0.509307
-0.348356,0.315628,0.509292
-0.348359,0.315603,0.509277
-0.348362,0.315578,0.509262
-0.348364,0.315552,0.509247
-0.348367,0.315526,0.509232
-0.348370,0.315501,0.509216
-0.348372,0.315475,0.509201
-0.348375,0.315449,0.509186
-0.348378,0.315423,0.509170
-0.348381,0.315397,0.509155
-0.348383,0.315371,0.509139
-0.348386,0.315345,0.509124
-0.348389,0.315319,0.509108
-0.348392,0.315292,0.509092
-0.348394,0.315266,0.509077
-0.348397,0.315239,0.509061
-0.348400,0.315213,0.509045
-0.348403,0.315186,0.509029
-0.348406,0.315159,0.509013
-0.348409,0.315132,0.508997
-0.348411,0.315105,0.508981
-0.348414,0.315078,0.508965
-0.348417,0.315051,0.508949
-0.348420,0.315024,0.508933
-0.348423,0.314996,0.508916
-0.348426,0.314969,0.508900
-0.348429,0.314941,0.508884
-0.348431,0.314914,0.508867
-0.348434,0.314886,0.508851
-0.348437,0.314858,0.508834
-0.348440,0.314830,0.508818
-0.348443,0.314802,0.508801
-0.348446,0.314774,0.508784
-0.348449,0.314746,0.508768
-0.348452,0.314718,0.508751
-0.348455,0.314690,0.508734
-0.348458,0.314661,0.508717
-0.348461,0.314633,0.508700
-0.348464,0.314605,0.508683
-0.348467,0.314576,0.508666
-0.348470,0.314547,0.508649
-0.348473,0.314519,0.508632
-0.348476,0.314490,0.508615
-0.348479,0.314461,0.508598
-0.348482,0.314432,0.508581
-0.348485,0.314403,0.508563
-0.348488,0.314374,0.508546
-0.348491,0.314344,0.508529
-0.348494,0.314315,0.508511
-0.348498,0.314286,0.508494
-0.348501,0.314256,0.508476
-0.348504,0.314227,0.508459
-0.348507,0.314197,0.508441
-0.348510,0.314167,0.508424
-0.348513,0.314138,0.508406
-0.348516,0.314108,0.508388
-0.348519,0.314078,0.508370
-0.348523,0.314048,0.508353
-0.348526,0.314018,0.508335
-0.348529,0.313988,0.508317
-0.348532,0.313958,0.508299
-0.348535,0.313927,0.508281
-0.348538,0.313897,0.508263
-0.348542,0.313867,0.508245
-0.348545,0.313836,0.508227
-0.348548,0.313806,0.508209
-0.348551,0.313775,0.508190
-0.348554,0.313745,0.508172
-0.348558,0.313714,0.508154
-0.348561,0.313683,0.508136
-0.348564,0.313652,0.508117
-0.348567,0.313621,0.508099
-0.348571,0.313590,0.508080
-0.348574,0.313559,0.508062
-0.348577,0.313528,0.508043
-0.348581,0.313497,0.508025
-0.348584,0.313465,0.508006
-0.348587,0.313434,0.507988
-0.348590,0.313403,0.507969
-0.348594,0.313371,0.507950
-0.348597,0.313340,0.507931
-0.348600,0.313308,0.507913
-0.348604,0.313277,0.507894
-0.348607,0.313245,0.507875
-0.348610,0.313213,0.507856
-0.348614,0.313181,0.507837
-0.348617,0.313149,0.507818
-0.348620,0.313117,0.507799
-0.348624,0.313086,0.507780
-0.348627,0.313053,0.507761
-0.348631,0.313021,0.507742
-0.348634,0.312989,0.507723
-0.348637,0.312957,0.507704
-0.348641,0.312925,0.507685
-0.348644,0.312892,0.507665
-0.348647,0.312860,0.507646
-0.348651,0.312827,0.507627
-0.348654,0.312795,0.507608
-0.348658,0.312762,0.507588
-0.348661,0.312730,0.507569
-0.348665,0.312697,0.507549
-0.348668,0.312664,0.507530
-0.348671,0.312632,0.507510
-0.348675,0.312599,0.507491
-0.348678,0.312566,0.507471
-0.348682,0.312533,0.507452
-0.348685,0.312500,0.507432
-0.348689,0.312467,0.507413
-0.348692,0.312434,0.507393
-0.348696,0.312401,0.507373
-0.348699,0.312368,0.507354
-0.348703,0.312335,0.507334
-0.348706,0.312301,0.507314
-0.348710,0.312268,0.507294
-0.348713,0.312235,0.507274
-0.348717,0.312201,0.507255
-0.348720,0.312168,0.507235
-0.348724,0.312134,0.507215
-0.348727,0.312101,0.507195
-0.348731,0.312067,0.507175
-0.348734,0.312034,0.507155
-0.348738,0.312000,0.507135
-0.348741,0.311966,0.507115
-0.348745,0.311933,0.507095
-0.348749,0.311899,0.507075
-0.348752,0.311865,0.507055
-0.348756,0.311831,0.507034
-0.348759,0.311797,0.507014
-0.348763,0.311763,0.506994
-0.348766,0.311729,0.506974
-0.348770,0.311695,0.506954
-0.348774,0.311661,0.506934
-0.348777,0.311627,0.506913
-0.348781,0.311593,0.506893
-0.348784,0.311559,0.506873
-0.348788,0.311525,0.506852
-0.348792,0.311491,0.506832
-0.348795,0.311456,0.506812
-0.348799,0.311422,0.506791
-0.348802,0.311388,0.506771
-0.348806,0.311353,0.506750
-0.348810,0.311319,0.506730
-0.348813,0.311285,0.506710
-0.348817,0.311250,0.506689
-0.348820,0.311216,0.506669
-0.348824,0.311181,0.506648
-0.348828,0.311147,0.506628
-0.348831,0.311112,0.506607
-0.348835,0.311078,0.506586
-0.348839,0.311043,0.506566
-0.348842,0.311008,0.506545
-0.348846,0.310974,0.506525
-0.348850,0.310939,0.506504
-0.348853,0.310904,0.506483
-0.348857,0.310870,0.506463
-0.348860,0.310835,0.506442
-0.348864,0.310800,0.506421
-0.348868,0.310765,0.506401
-0.348871,0.310730,0.506380
-0.348875,0.310696,0.506359
-0.348879,0.310661,0.506339
-0.348882,0.310626,0.506318
-0.348886,0.310591,0.506297
-0.348890,0.310556,0.506276
-0.348893,0.310521,0.506256
-0.348897,0.310486,0.506235
-0.348901,0.310451,0.506214
-0.348905,0.310416,0.506193
-0.348908,0.310381,0.506172
-0.348912,0.310346,0.506152
-0.348916,0.310311,0.506131
-0.348919,0.310276,0.506110
-0.348923,0.310241,0.506089
-0.348927,0.310206,0.506068
-0.348930,0.310171,0.506047
-0.348934,0.310136,0.506026
-0.348938,0.310101,0.506006
-0.348941,0.310065,0.505985
-0.348945,0.310030,0.505964
-0.348949,0.309995,0.505943
-0.348952,0.309960,0.505922
-0.348956,0.309925,0.505901
-0.348960,0.309890,0.505880
-0.348964,0.309854,0.505859
-0.348967,0.309819,0.505838
-0.348971,0.309784,0.505817
-0.348975,0.309749,0.505796
-0.348978,0.309714,0.505775
-0.348982,0.309678,0.505755
-0.348986,0.309643,0.505734
-0.348990,0.309608,0.505713
-0.348993,0.309573,0.505692
-0.348997,0.309538,0.505671
-0.349001,0.309502,0.505650
-0.349004,0.309467,0.505629
-0.349008,0.309432,0.505608
-0.349012,0.309397,0.505587
-0.349015,0.309361,0.505566
-0.349019,0.309326,0.505545
-0.349023,0.309291,0.505524
-0.349027,0.309256,0.505503
-0.349030,0.309220,0.505482
-0.349034,0.309185,0.505461
-0.349038,0.309150,0.505440
-0.349041,0.309115,0.505419
-0.349045,0.309080,0.505398
-0.349049,0.309044,0.505377
-0.349052,0.309009,0.505357
-0.349056,0.308974,0.505336
-0.349060,0.308939,0.505315
-0.349064,0.308904,0.505294
-0.349067,0.308868,0.505273
-0.349071,0.308833,0.505252
-0.349075,0.308798,0.505231
-0.349078,0.308763,0.505210
-0.349082,0.308728,0.505189
-0.349086,0.308693,0.505168
-0.349089,0.308657,0.505147
-0.349093,0.308622,0.505127
-0.349097,0.308587,0.505106
-0.349101,0.308552,0.505085
-0.349104,0.308517,0.505064
-0.349108,0.308482,0.505043
-0.349112,0.308447,0.505022
-0.349115,0.308412,0.505002
-0.349119,0.308377,0.504981
-0.349123,0.308342,0.504960
-0.349126,0.308307,0.504939
-0.349130,0.308272,0.504918
-0.349134,0.308237,0.504898
-0.349137,0.308202,0.504877
-0.349141,0.308167,0.504856
-0.349145,0.308132,0.504835
-0.349148,0.308098,0.504815
-0.349152,0.308063,0.504794
-0.349156,0.308028,0.504773
-0.349159,0.307993,0.504752
-0.349163,0.307958,0.504732
-0.349167,0.307924,0.504711
-0.349170,0.307889,0.504690
-0.349174,0.307854,0.504670
-0.349178,0.307819,0.504649
-0.349181,0.307785,0.504629
-0.349185,0.307750,0.504608
-0.349189,0.307716,0.504587
-0.349192,0.307681,0.504567
-0.349196,0.307646,0.504546
-0.349199,0.307612,0.504526
-0.349203,0.307577,0.504505
-0.349207,0.307543,0.504485
-0.349210,0.307509,0.504464
-0.349214,0.307474,0.504444
-0.349218,0.307440,0.504423
-0.349221,0.307405,0.504403
-0.349225,0.307371,0.504383
-0.349228,0.307337,0.504362
-0.349232,0.307303,0.504342
-0.349236,0.307268,0.504322
-0.349239,0.307234,0.504301
-0.349243,0.307200,0.504281
-0.349246,0.307166,0.504261
-0.349250,0.307132,0.504240
-0.349254,0.307098,0.504220
-0.349257,0.307064,0.504200
-0.349261,0.307030,0.504180
-0.349264,0.306996,0.504160
-0.349268,0.306962,0.504139
-0.349271,0.306928,0.504119
-0.349275,0.306894,0.504099
-0.349278,0.306861,0.504079
-0.349282,0.306827,0.504059
-0.349286,0.306793,0.504039
-0.349289,0.306760,0.504019
-0.349293,0.306726,0.503999
-0.349296,0.306692,0.503979
-0.349300,0.306659,0.503959
-0.349303,0.306625,0.503939
-0.349307,0.306592,0.503919
-0.349310,0.306559,0.503900
-0.349314,0.306525,0.503880
-0.349317,0.306492,0.503860
-0.349321,0.306459,0.503840
-0.349324,0.306425,0.503820
-0.349328,0.306392,0.503801
-0.349331,0.306359,0.503781
-0.349335,0.306326,0.503761
-0.349338,0.306293,0.503742
-0.349342,0.306260,0.503722
-0.349345,0.306227,0.503703
-0.349349,0.306194,0.503683
-0.349352,0.306162,0.503663
-0.349355,0.306129,0.503644
-0.349359,0.306096,0.503625
-0.349362,0.306063,0.503605
-0.349366,0.306031,0.503586
-0.349369,0.305998,0.503566
-0.349373,0.305966,0.503547
-0.349376,0.305933,0.503528
-0.349379,0.305901,0.503508
-0.349383,0.305869,0.503489
-0.349386,0.305836,0.503470
-0.349390,0.305804,0.503451
-0.349393,0.305772,0.503432
-0.349396,0.305740,0.503413
-0.349400,0.305708,0.503394
-0.349403,0.305676,0.503375
-0.349406,0.305644,0.503356
-0.349410,0.305612,0.503337
-0.349413,0.305580,0.503318
-0.349416,0.305548,0.503299
-0.349420,0.305517,0.503280
-0.349423,0.305485,0.503261
-0.349426,0.305453,0.503242
-0.349430,0.305422,0.503224
-0.349433,0.305390,0.503205
-0.349436,0.305359,0.503186
-0.349440,0.305328,0.503168
-0.349443,0.305296,0.503149
-0.349446,0.305265,0.503131
-0.349450,0.305234,0.503112
-0.349453,0.305203,0.503094
-0.349456,0.305172,0.503075
-0.349459,0.305141,0.503057
-0.349463,0.305110,0.503038
-0.349466,0.305079,0.503020
-0.349469,0.305049,0.503002
-0.349472,0.305018,0.502984
-0.349475,0.304987,0.502965
-0.349479,0.304957,0.502947
-0.349482,0.304926,0.502929
-0.349485,0.304896,0.502911
-0.349488,0.304866,0.502893
-0.349491,0.304835,0.502875
-0.349495,0.304805,0.502857
-0.349498,0.304775,0.502839
-0.349501,0.304745,0.502821
-0.349504,0.304715,0.502804
-0.349507,0.304685,0.502786
-0.349510,0.304655,0.502768
-0.349514,0.304626,0.502750
-0.349517,0.304596,0.502733
-0.349520,0.304566,0.502715
-0.349523,0.304537,0.502698
-0.349526,0.304507,0.502680
-0.349529,0.304478,0.502663
-0.349532,0.304449,0.502645
-0.349535,0.304420,0.502628
-0.349538,0.304390,0.502610
-0.349541,0.304361,0.502593
-0.349544,0.304332,0.502576
-0.349547,0.304303,0.502559
-0.349550,0.304275,0.502542
-0.349553,0.304246,0.502524
-0.349556,0.304217,0.502507
-0.349559,0.304189,0.502490
-0.349562,0.304160,0.502473
-0.349565,0.304132,0.502457
-0.349568,0.304103,0.502440
-0.349571,0.304075,0.502423
-0.349574,0.304047,0.502406
-0.349577,0.304019,0.502389
-0.349580,0.303991,0.502373
-0.349583,0.303963,0.502356
-0.349586,0.303935,0.502340
-0.349589,0.303907,0.502323
-0.349592,0.303880,0.502307
-0.349595,0.303852,0.502290
-0.349598,0.303824,0.502274
-0.349601,0.303797,0.502258
-0.349604,0.303770,0.502241
-0.349606,0.303742,0.502225
-0.349609,0.303715,0.502209
-0.349612,0.303688,0.502193
-0.349615,0.303661,0.502177
-0.349618,0.303634,0.502161
-0.349621,0.303607,0.502145
-0.349623,0.303581,0.502129
-0.349626,0.303554,0.502113
-0.349629,0.303527,0.502097
-0.349632,0.303501,0.502082
-0.349635,0.303475,0.502066
-0.349637,0.303448,0.502050
-0.349640,0.303422,0.502035
-0.349643,0.303396,0.502019
-0.349646,0.303370,0.502004
-0.349648,0.303344,0.501988
-0.349651,0.303318,0.501973
-0.349654,0.303292,0.501958
-0.349656,0.303267,0.501942
-0.349659,0.303241,0.501927
-0.349662,0.303216,0.501912
-0.349664,0.303190,0.501897
-0.349667,0.303165,0.501882
-0.349670,0.303140,0.501867
-0.349672,0.303115,0.501852
-0.349675,0.303090,0.501837
-0.349678,0.303065,0.501822
-0.349680,0.303040,0.501807
-0.349683,0.303015,0.501793
-0.349685,0.302991,0.501778
-0.349688,0.302966,0.501764
-0.349691,0.302942,0.501749
-0.349693,0.302917,0.501735
-0.349696,0.302893,0.501720
-0.349698,0.302869,0.501706
-0.349701,0.302845,0.501691
-0.349703,0.302821,0.501677
-0.349706,0.302797,0.501663
-0.349708,0.302773,0.501649
-0.349711,0.302750,0.501635
-0.349713,0.302726,0.501621
-0.349716,0.302703,0.501607
-0.349718,0.302679,0.501593
-0.349721,0.302656,0.501579
-0.349723,0.302633,0.501565
-0.349726,0.302610,0.501552
-0.349728,0.302587,0.501538
-0.349730,0.302564,0.501524
-0.349733,0.302541,0.501511
-0.349735,0.302519,0.501497
-0.349737,0.302496,0.501484
-0.349740,0.302474,0.501471
-0.349742,0.302451,0.501457
-0.349745,0.302429,0.501444
-0.349747,0.302407,0.501431
-0.349749,0.302385,0.501418
-0.349752,0.302363,0.501405
-0.349754,0.302341,0.501392
-0.349756,0.302319,0.501379
-0.349758,0.302297,0.501366
-0.349761,0.302276,0.501353
-0.349763,0.302255,0.501340
-0.349765,0.302233,0.501328
-0.349767,0.302212,0.501315
-0.349770,0.302191,0.501303
-0.349772,0.302170,0.501290
-0.349774,0.302149,0.501278
-0.349776,0.302128,0.501265
-0.349778,0.302107,0.501253
-0.349781,0.302087,0.501241
-0.349783,0.302066,0.501229
-0.349785,0.302046,0.501216
-0.349787,0.302026,0.501204
-0.349789,0.302005,0.501192
-0.349791,0.301985,0.501180
-0.349793,0.301965,0.501168
-0.349795,0.301945,0.501157
-0.349797,0.301926,0.501145
-0.349800,0.301906,0.501133
-0.349802,0.301886,0.501122
-0.349804,0.301867,0.501110
-0.349806,0.301848,0.501099
-0.349808,0.301828,0.501087
-0.349810,0.301809,0.501076
-0.349812,0.301790,0.501064
-0.349814,0.301771,0.501053
-0.349816,0.301752,0.501042
-0.349818,0.301734,0.501031
-0.349820,0.301715,0.501020
-0.349822,0.301697,0.501009
-0.349823,0.301678,0.500998
-0.349825,0.301660,0.500987
-0.349827,0.301642,0.500976
-0.349829,0.301624,0.500965
-0.349831,0.301606,0.500955
-0.349833,0.301588,0.500944
-0.349835,0.301570,0.500934
-0.349837,0.301553,0.500923
-0.349839,0.301535,0.500913
-0.349840,0.301518,0.500902
-0.349842,0.301500,0.500892
-0.349844,0.301483,0.500882
-0.349846,0.301466,0.500872
-0.349848,0.301449,0.500862
-0.349849,0.301432,0.500852
-0.349851,0.301416,0.500842
-0.349853,0.301399,0.500832
-0.349855,0.301382,0.500822
-0.349856,0.301366,0.500812
-0.349858,0.301350,0.500802
-0.349860,0.301333,0.500793
-0.349861,0.301317,0.500783
-0.349863,0.301301,0.500774
-0.349865,0.301285,0.500764
-0.349866,0.301270,0.500755
-0.349868,0.301254,0.500745
-0.349870,0.301238,0.500736
-0.349871,0.301223,0.500727
-0.349873,0.301207,0.500718
-0.349875,0.301192,0.500709
-0.349876,0.301177,0.500700
-0.349878,0.301162,0.500691
-0.349879,0.301147,0.500682
-0.349881,0.301132,0.500673
-0.349882,0.301118,0.500664
-0.349884,0.301103,0.500656
-0.349886,0.301089,0.500647
-0.349887,0.301074,0.500639
-0.349889,0.301060,0.500630
-0.349890,0.301046,0.500622
-0.349892,0.301032,0.500613
-0.349893,0.301018,0.500605
-0.349894,0.301004,0.500597
-0.349896,0.300990,0.500589
-0.349897,0.300976,0.500581
-0.349899,0.300963,0.500573
-0.349900,0.300950,0.500565
-0.349902,0.300936,0.500557
-0.349903,0.300923,0.500549
-0.349904,0.300910,0.500541
-0.349906,0.300897,0.500533
-0.349907,0.300884,0.500526
-0.349908,0.300871,0.500518
-0.349910,0.300859,0.500511
-0.349911,0.300846,0.500503
-0.349912,0.300834,0.500496
-0.349914,0.300821,0.500488
-0.349915,0.300809,0.500481
-0.349916,0.300797,0.500474
-0.349917,0.300785,0.500467
-0.349919,0.300773,0.500460
-0.349920,0.300761,0.500453
-0.349921,0.300750,0.500446
-0.349922,0.300738,0.500439
-0.349924,0.300727,0.500432
-0.349925,0.300715,0.500425
-0.349926,0.300704,0.500419
-0.349927,0.300693,0.500412
-0.349928,0.300682,0.500405
-0.349929,0.300671,0.500399
-0.349931,0.300660,0.500392
-0.349932,0.300649,0.500386
-0.349933,0.300638,0.500380
-0.349934,0.300628,0.500373
-0.349935,0.300617,0.500367
-0.349936,0.300607,0.500361
-0.349937,0.300597,0.500355
-0.349938,0.300587,0.500349
-0.349939,0.300577,0.500343
-0.349940,0.300567,0.500337
-0.349941,0.300557,0.500331
-0.349942,0.300547,0.500325
-0.349943,0.300538,0.500320
-0.349944,0.300528,0.500314
-0.349945,0.300519,0.500308
-0.349946,0.300509,0.500303
-0.349947,0.300500,0.500297
-0.349948,0.300491,0.500292
-0.349949,0.300482,0.500287
-0.349950,0.300473,0.500281
-0.349951,0.300464,0.500276
-0.349952,0.300456,0.500271
-0.349953,0.300447,0.500266
-0.349954,0.300438,0.500261
-0.349955,0.300430,0.500256
-0.349956,0.300422,0.500251
-0.349957,0.300413,0.500246
-0.349957,0.300405,0.500241
-0.349958,0.300397,0.500236
-0.349959,0.300389,0.500232
-0.349960,0.300382,0.500227
-0.349961,0.300374,0.500222
-0.349961,0.300366,0.500218
-0.349962,0.300359,0.500213
-0.349963,0.300351,0.500209
-0.349964,0.300344,0.500204
-0.349965,0.300337,0.500200
-0.349965,0.300329,0.500196
-0.349966,0.300322,0.500192
-0.349967,0.300315,0.500187
-0.349968,0.300308,0.500183
-0.349968,0.300302,0.500179
-0.349969,0.300295,0.500175
-0.349970,0.300288,0.500171
-0.349970,0.300282,0.500168
-0.349971,0.300275,0.500164
-0.349972,0.300269,0.500160
-0.349972,0.300263,0.500156
-0.349973,0.300257,0.500153
-0.349974,0.300251,0.500149
-0.349974,0.300245,0.500145
-0.349975,0.300239,0.500142
-0.349975,0.300233,0.500139
-0.349976,0.300227,0.500135
-0.349977,0.300222,0.500132
-0.349977,0.300216,0.500129
-0.349978,0.300211,0.500125
-0.349978,0.300205,0.500122
-0.349979,0.300200,0.500119
-0.349980,0.300195,0.500116
-0.349980,0.300190,0.500113
-0.349981,0.300185,0.500110
-0.349981,0.300180,0.500107
-0.349982,0.300175,0.500104
-0.349982,0.300170,0.500101
-0.349983,0.300165,0.500098
-0.349983,0.300161,0.500096
-0.349984,0.300156,0.500093
-0.349984,0.300152,0.500090
-0.349984,0.300148,0.500088
-0.349985,0.300143,0.500085
-0.349985,0.300139,0.500083
-0.349986,0.300135,0.500080
-0.349986,0.300131,0.500078
-0.349987,0.300127,0.500075
-0.349987,0.300123,0.500073
-0.349987,0.300119,0.500071
-0.349988,0.300115,0.500069
-0.349988,0.300112,0.500066
-0.349989,0.300108,0.500064
-0.349989,0.300105,0.500062
-0.349989,0.300101,0.500060
-0.349990,0.300098,0.500058
-0.349990,0.300095,0.500056
-0.349990,0.300091,0.500054
-0.349991,0.300088,0.500052
-0.349991,0.300085,0.500051
-0.349991,0.300082,0.500049
-0.349992,0.300079,0.500047
-0.349992,0.300076,0.500045
-0.349992,0.300073,0.500044
-0.349993,0.300071,0.500042
-0.349993,0.300068,0.500040
-0.349993,0.300065,0.500039
-0.349993,0.300063,0.500037
-0.349994,0.300060,0.500036
-0.349994,0.300058,0.500034
-0.349994,0.300056,0.500033
-0.349994,0.300053,0.500032
-0.349995,0.300051,0.500030
-0.349995,0.300049,0.500029
-0.349995,0.300047,0.500028
-0.349995,0.300045,0.500027
-0.349996,0.300043,0.500025
-0.349996,0.300041,0.500024
-0.349996,0.300039,0.500023
-0.349996,0.300037,0.500022
-0.349996,0.300035,0.500021
-0.349996,0.300034,0.500020
-0.349997,0.300032,0.500019
-0.349997,0.300030,0.500018
-0.349997,0.300029,0.500017
-0.349997,0.300027,0.500016
-0.349997,0.300026,0.500015
-0.349997,0.300024,0.500015
-0.349998,0.300023,0.500014
-0.349998,0.300022,0.500013
-0.349998,0.300021,0.500012
-0.349998,0.300019,0.500011
-0.349998,0.300018,0.500011
-0.349998,0.300017,0.500010
-0.349998,0.300016,0.500010
-0.349998,0.300015,0.500009
-0.349999,0.300014,0.500008
-0.349999,0.300013,0.500008
-0.349999,0.300012,0.500007
-0.349999,0.300011,0.500007
-0.349999,0.300011,0.500006
-0.349999,0.300010,0.500006
-0.349999,0.300009,0.500005
-0.349999,0.300008,0.500005
-0.349999,0.300008,0.500005
-0.349999,0.300007,0.500004
-0.349999,0.300006,0.500004
-0.349999,0.300006,0.500003
-0.349999,0.300005,0.500003
-0.349999,0.300005,0.500003
-0.350000,0.300004,0.500003
-0.350000,0.300004,0.500002
-0.350000,0.300004,0.500002
-0.350000,0.300003,0.500002
-0.350000,0.300003,0.500002
-0.350000,0.300003,0.500001
-0.350000,0.300002,0.500001
-0.350000,0.300002,0.500001
-0.350000,0.300002,0.500001
-0.350000,0.300001,0.500001
-0.350000,0.300001,0.500001
-0.350000,0.300001,0.500001
-0.350000,0.300001,0.500001
-0.350000,0.300001,0.500000
-0.350000,0.300001,0.500000
-0.350000,0.300001,0.500000
-0.350000,0.300000,0.500000
-0.350000,0.300000,0.500000
-0.350000,0.300000,0.500000
-0.350000,0.300000,0.500000
-0.350000,0.300000,0.500000
-0.350000,0.300000,0.500000
-0.350000,0.300000,0.500000
-0.350000,0.300000,0.500000
-0.350000,0.300000,0.500000
-0.350000,0.300000,0.500000
-0.350000,0.300000,0.500000
-0.350000,0.300000,0.500000
-0.350000,0.300000,0.500000
