x,y,z
-0.049998,0.300000,0.499998
-0.049998,0.300000,0.499998
-0.049998,0.300000,0.499998
-0.049998,0.300000,0.499998
-0.049998,0.300000,0.499998
-0.049998,0.300000,0.499999
-0.049998,0.300000,0.499999
-0.049998,0.300000,0.500000
-0.049998,0.300000,0.500000
-0.049998,0.300000,0.500001
-0.049998,0.300000,0.500002
-0.049998,0.300000,0.500003
-0.049998,0.300000,0.500005
-0.049998,0.300000,0.500007
-0.049998,0.300000,0.500009
-0.049998,0.300000,0.500011
-0.049998,0.300000,0.500014
-0.049998,0.300000,0.500017
-0.049998,0.300000,0.500021
-0.049998,0.300000,0.500025
-0.049998,0.300000,0.500029
-0.049998,0.300000,0.500034
-0.049998,0.300000,0.500039
-0.049998,0.300000,0.500045
-0.049998,0.300000,0.500051
-0.049998,0.300000,0.500058
-0.049998,0.300000,0.500065
-0.049998,0.300000,0.500073
-0.049998,0.300000,0.500082
-0.049998,0.300000,0.500091
-0.049998,0.300000,0.500101
-0.049998,0.300000,0.500111
-0.049998,0.300000,0.500122
-0.049998,0.300000,0.500134
-0.049998,0.300000,0.500146
-0.049998,0.300000,0.500159
-0.049998,0.300000,0.500173
-0.049998,0.300000,0.500188
-0.049998,0.300000,0.500203
-0.049998,0.300000,0.500219
-0.049998,0.300000,0.500236
-0.049998,0.300000,0.500254
-0.049998,0.300000,0.500272
-0.049998,0.300000,0.500292
-0.049998,0.300000,0.500312
-0.049998,0.300000,0.500333
-0.049998,0.300000,0.500355
-0.049998,0.300000,0.500378
-0.049998,0.300000,0.500402
-0.049998,0.300000,0.500427
-0.049998,0.300000,0.500453
-0.049998,0.300000,0.500480
-0.049998,0.300000,0.500508
-0.049998,0.300000,0.500536
-0.049998,0.300000,0.500566
-0.049998,0.300000,0.500597
-0.049998,0.300000,0.500629
-0.049998,0.300000,0.500662
-0.049998,0.300000,0.500696
-0.049998,0.300000,0.500731
-0.049998,0.300000,0.500768
-0.049998,0.300000,0.500805
-0.049998,0.300000,0.500843
-0.049998,0.300000,0.500883
-0.049998,0.300000,0.500924
-0.049998,0.300000,0.500966
-0.049998,0.300000,0.501009
-0.049998,0.300000,0.501054
-0.049998,0.300000,0.501099
-0.049998,0.300000,0.501146
-0.049998,0.300000,0.501194
-0.049998,0.300000,0.501243
-0.049998,0.300000,0.501294
-0.049998,0.300000,0.501346
-0.049998,0.300000,0.501399
-0.049998,0.300000,0.501453
-0.049998,0.300000,0.501509
-0.049998,0.300000,0.501566
-0.049998,0.300000,0.501625
-0.049998,0.300000,0.501684
-0.049998,0.300000,0.501745
-0.049998,0.300000,0.501808
-0.049998,0.300000,0.501872
-0.049998,0.300000,0.501937
-0.049998,0.300000,0.502003
-0.049998,0.300000,0.502071
-0.049998,0.300000,0.502141
-0.049998,0.300000,0.502211
-0.049998,0.300000,0.502284
-0.049998,0.300000,0.502357
-0.049998,0.300000,0.502432
-0.049998,0.300000,0.502509
-0.049998,0.300000,0.502587
-0.049998,0.300000,0.502667
-0.049998,0.300000,0.502748
-0.049998,0.300000,0.502830
-0.049998,0.300000,0.502914
-0.049998,0.300000,0.502999
-0.049998,0.300000,0.503086
-0.049998,0.300000,0.503175
-0.049998,0.300000,0.503265
-0.049998,0.300000,0.503357
-0.049998,0.300000,0.503450
-0.049998,0.300000,0.503544
-0.049998,0.300000,0.503641
-0.049998,0.300000,0.503738
-0.049998,0.300000,0.503838
-0.049998,0.300000,0.503939
-0.049998,0.300000,0.504041
-0.049998,0.300000,0.504145
-0.049998,0.300000,0.504251
-0.049998,0.300000,0.504358
-0.049998,0.300000,0.504467
-0.049998,0.300000,0.504578
-0.049998,0.300000,0.504690
-0.049998,0.300000,0.504804
-0.049998,0.300000,0.504919
-0.049998,0.300000,0.505036
-0.049998,0.300000,0.505155
-0.049998,0.300000,0.505275
-0.049998,0.300000,0.505397
-0.049998,0.300000,0.505521
-0.049998,0.300000,0.505646
-0.049998,0.300000,0.505773
-0.049998,0.300000,0.505902
-0.049998,0.300000,0.506032
-0.049998,0.300000,0.506164
-0.049998,0.300000,0.506298
-0.049998,0.300000,0.506433
-0.049998,0.300000,0.506570
-0.049998,0.300000,0.506709
-0.049998,0.300000,0.506850
-0.049998,0.300000,0.506992
-0.049998,0.300000,0.507136
-0.049998,0.300000,0.507281
-0.049998,0.300000,0.507429
-0.049998,0.300000,0.507578
-0.049998,0.300000,0.507728
-0.049998,0.300000,0.507881
-0.049998,0.300000,0.508035
-0.049998,0.300000,0.508191
-0.049998,0.300000,0.508348
-0.049998,0.300000,0.508508
-0.049998,0.300000,0.508669
-0.049998,0.300000,0.508832
-0.049998,0.300000,0.508996
-0.049998,0.300000,0.509162
-0.049998,0.300000,0.509330
-0.049998,0.300000,0.509500
-0.049998,0.300000,0.509672
-0.049998,0.300000,0.509845
-0.049998,0.300000,0.510020
-0.049998,0.300000,0.510196
-0.049998,0.300000,0.510375
-0.049998,0.300000,0.510555
-0.049998,0.300000,0.510737
-0.049998,0.300000,0.510921
-0.049998,0.300000,0.511106
-0.049998,0.300000,0.511293
-0.049998,0.300000,0.511482
-0.049998,0.300000,0.511673
-0.049998,0.300000,0.511865
-0.049998,0.300000,0.512059
-0.049998,0.300000,0.512255
-0.049998,0.300000,0.512453
-0.049998,0.300000,0.512652
-0.049998,0.300000,0.512853
-0.049998,0.300000,0.513056
-0.049998,0.300000,0.513261
-0.049998,0.300000,0.513467
-0.049998,0.300000,0.513675
-0.049998,0.300000,0.513885
-0.049998,0.300000,0.514096
-0.049998,0.300000,0.514310
-0.049998,0.300000,0.514525
-0.049998,0.300000,0.514741
-0.049998,0.300000,0.514960
-0.049998,0.300000,0.515180
-0.049998,0.300000,0.515402
-0.049998,0.300000,0.515626
-0.049998,0.300000,0.515851
-0.049998,0.300000,0.516078
-0.049998,0.300000,0.516307
-0.049998,0.300000,0.516538
-0.049998,0.300000,0.516770
-0.049998,0.300000,0.517004
-0.049998,0.300000,0.517239
-0.049998,0.300000,0.517477
-0.049998,0.300000,0.517716
-0.049998,0.300000,0.517957
-0.049998,0.300000,0.518199
-0.049998,0.300000,0.518443
-0.049998,0.300000,0.518689
-0.049998,0.300000,0.518937
-0.049998,0.300000,0.519186
-0.049998,0.300000,0.519437
-0.049998,0.300000,0.519689
-0.049998,0.300000,0.519943
-0.049999,0.300000,0.520199
-0.049999,0.300000,0.520457
-0.049999,0.300000,0.520716
-0.049999,0.300000,0.520977
-0.049999,0.300000,0.521240
-0.049999,0.300000,0.521504
-0.049999,0.300000,0.521769
-0.049999,0.300000,0.522037
-0.049999,0.300000,0.522306
-0.049999,0.300000,0.522577
-0.049999,0.300000,0.522849
-0.049999,0.300000,0.523123
-0.049999,0.300000,0.523399
-0.049999,0.300000,0.523676
-0.049999,0.300000,0.523955
-0.049999,0.300000,0.524235
-0.049999,0.300000,0.524517
-0.049999,0.300000,0.524800
-0.049999,0.300000,0.525086
-0.049999,0.300000,0.525372
-0.049999,0.300000,0.525661
-0.049999,0.300000,0.525950
-0.049999,0.300000,0.526242
-0.049999,0.300000,0.526535
-0.049999,0.300000,0.526829
-0.049999,0.300000,0.527125
-0.049999,0.300000,0.527423
-0.049999,0.300000,0.527722
-0.049999,0.300000,0.528023
-0.049999,0.300000,0.528325
-0.049999,0.300000,0.528629
-0.049999,0.300000,0.528934
-0.049999,0.300000,0.529240
-0.049999,0.300000,0.529549
-0.049999,0.300000,0.529858
-0.049999,0.300000,0.530169
-0.049999,0.300000,0.530482
-0.049999,0.300000,0.530796
-0.049999,0.300000,0.531112
-0.049999,0.300000,0.531429
-0.049999,0.300000,0.531747
-0.049999,0.300000,0.532067
-0.049999,0.300000,0.532388
-0.049999,0.300000,0.532711
-0.049999,0.300000,0.533035
-0.049999,0.300000,0.533360
-0.049999,0.300000,0.533687
-0.049999,0.300000,0.534016
-0.049999,0.300000,0.534345
-0.049999,0.300000,0.534676
-0.049999,0.300000,0.535009
-0.049999,0.300000,0.535342
-0.049999,0.300000,0.535678
-0.049999,0.300000,0.536014
-0.049999,0.300000,0.536352
-0.049999,0.300000,0.536691
-0.049999,0.300000,0.537031
-0.049999,0.300000,0.537373
-0.049999,0.300000,0.537716
-0.049999,0.300000,0.538061
-0.049999,0.300000,0.538406
-0.049999,0.300000,0.538753
-0.049999,0.300000,0.539101
-0.049999,0.300000,0.539451
-0.049999,0.300000,0.539802
-0.049999,0.300000,0.540154
-0.049999,0.300000,0.540507
-0.049999,0.300000,0.540861
-0.049999,0.300000,0.541217
-0.049999,0.300000,0.541574
-0.049999,0.300000,0.541932
-0.049999,0.300000,0.542291
-0.049999,0.300000,0.542651
-0.049999,0.300000,0.543013
-0.049999,0.300000,0.543375
-0.049999,0.300000,0.543739
-0.049999,0.300000,0.544104
-0.049999,0.300000,0.544471
-0.049999,0.300000,0.544838
-0.049999,0.300000,0.545206
-0.049999,0.300000,0.545576
-0.049999,0.300000,0.545946
-0.049999,0.300000,0.546318
-0.049999,0.300000,0.546691
-0.049999,0.300000,0.547064
-0.049999,0.300000,0.547439
-0.049999,0.300000,0.547815
-0.049999,0.300000,0.548192
-0.049999,0.300000,0.548570
-0.049999,0.300000,0.548949
-0.049999,0.300000,0.549329
-0.049999,0.300000,0.549710
-0.049999,0.300000,0.550092
-0.049999,0.300000,0.550475
-0.049999,0.300000,0.550859
-0.049999,0.300000,0.551244
-0.049999,0.300000,0.551630
-0.049999,0.300000,0.552016
-0.049999,0.300000,0.552404
-0.049999,0.300000,0.552793
-0.049999,0.300000,0.553182
-0.049999,0.300000,0.553572
-0.049999,0.300000,0.553964
-0.049999,0.300000,0.554356
-0.049999,0.300000,0.554749
-0.049999,0.300000,0.555143
-0.049999,0.300000,0.555537
-0.049999,0.300000,0.555933
-0.049999,0.300000,0.556329
-0.049999,0.300000,0.556726
-0.049999,0.300000,0.557124
-0.049999,0.300000,0.557523
-0.049999,0.300000,0.557922
-0.049999,0.300000,0.558322
-0.049999,0.300000,0.558723
-0.049999,0.300000,0.559125
-0.049999,0.300000,0.559528
-0.049999,0.300000,0.559931
-0.049999,0.300000,0.560335
-0.049999,0.300000,0.560739
-0.049999,0.300000,0.561144
-0.049999,0.300000,0.561550
-0.049999,0.300000,0.561957
-0.049999,0.300000,0.562364
-0.049999,0.300000,0.562772
-0.049999,0.300000,0.563181
-0.049999,0.300000,0.563590
-0.049999,0.300000,0.563999
-0.049999,0.300000,0.564410
-0.049999,0.300000,0.564821
-0.049999,0.300000,0.565232
-0.049999,0.300000,0.565644
-0.049999,0.300000,0.566057
-0.049999,0.300000,0.566470
-0.049999,0.300000,0.566883
-0.049999,0.300000,0.567298
-0.049999,0.300000,0.567712
-0.049999,0.300000,0.568127
-0.049999,0.300000,0.568543
-0.049999,0.300000,0.568959
-0.049999,0.300000,0.569376
-0.049999,0.300000,0.569793
-0.049999,0.300000,0.570210
-0.049999,0.300000,0.570628
-0.049999,0.300000,0.571046
-0.049999,0.300000,0.571465
-0.049999,0.300000,0.571884
-0.049999,0.300000,0.572303
-0.049999,0.300000,0.572723
-0.049999,0.300000,0.573143
-0.049999,0.300000,0.573564
-0.049999,0.300000,0.573984
-0.049999,0.300000,0.574405
-0.049999,0.300000,0.574827
-0.049999,0.300000,0.575248
-0.049999,0.300000,0.575670
-0.049999,0.300000,0.576093
-0.049999,0.300000,0.576515
-0.049999,0.300000,0.576938
-0.049999,0.300000,0.577361
-0.049999,0.300000,0.577784
-0.049999,0.300000,0.578207
-0.049999,0.300000,0.578631
-0.049999,0.300000,0.579055
-0.049999,0.300000,0.579478
-0.049999,0.300000,0.579903
-0.049999,0.300000,0.580327
-0.049999,0.300000,0.580751
-0.049999,0.300000,0.581176
-0.049999,0.300000,0.581600
-0.049999,0.300000,0.582025
-0.049999,0.300000,0.582450
-0.049999,0.300000,0.582874
-0.049999,0.300000,0.583299
-0.049999,0.300000,0.583724
-0.049999,0.300000,0.584149
-0.049999,0.300000,0.584574
-0.049999,0.300000,0.584999
-0.049999,0.300000,0.585424
-0.049999,0.300000,0.585849
-0.049999,0.300000,0.586274
-0.049999,0.300000,0.586699
-0.049999,0.300000,0.587124
-0.049999,0.300000,0.587549
-0.049999,0.300000,0.587973
-0.049999,0.300000,0.588398
-0.049999,0.300000,0.588823
-0.049999,0.300000,0.589247
-0.049999,0.300000,0.589671
-0.049999,0.300000,0.590096
-0.049999,0.300000,0.590520
-0.049999,0.300000,0.590944
-0.049999,0.300000,0.591367
-0.049999,0.300000,0.591791
-0.049999,0.300000,0.592214
-0.049999,0.300000,0.592637
-0.049999,0.300000,0.593060
-0.049999,0.300000,0.593483
-0.049999,0.300000,0.593906
-0.049999,0.300000,0.594328
-0.049999,0.300000,0.594750
-0.049999,0.300000,0.595171
-0.049999,0.300000,0.595593
-0.049999,0.300000,0.596014
-0.049999,0.300000,0.596435
-0.049999,0.300000,0.596855
-0.049999,0.300000,0.597275
-0.049999,0.300000,0.597695
-0.049999,0.300000,0.598114
-0.049999,0.300000,0.598533
-0.049999,0.300000,0.598952
-0.049999,0.300000,0.599370
-0.049999,0.300000,0.599788
-0.049999,0.300000,0.600206
-0.049999,0.300000,0.600623
-0.049999,0.300000,0.601039
-0.049999,0.300000,0.601455
-0.049999,0.300000,0.601871
-0.049999,0.300000,0.602286
-0.049999,0.300000,0.602701
-0.049999,0.300000,0.603115
-0.049999,0.300000,0.603528
-0.049999,0.300000,0.603942
-0.049999,0.300000,0.604354
-0.049999,0.300000,0.604766
-0.049999,0.300000,0.605178
-0.049999,0.300000,0.605589
-0.049999,0.300000,0.605999
-0.049999,0.300000,0.606409
-0.049999,0.300000,0.606818
-0.049999,0.300000,0.607226
-0.049999,0.300000,0.607634
-0.049999,0.300000,0.608041
-0.049999,0.300000,0.608448
-0.049999,0.300000,0.608854
-0.049999,0.300000,0.609259
-0.049999,0.300000,0.609664
-0.049999,0.300000,0.610068
-0.049999,0.300000,0.610471
-0.049999,0.300000,0.610873
-0.049999,0.300000,0.611275
-0.049999,0.300000,0.611676
-0.049999,0.300000,0.612076
-0.049999,0.300000,0.612476
-0.049999,0.300000,0.612874
-0.049999,0.300000,0.613272
-0.049999,0.300000,0.613669
-0.049999,0.300000,0.614066
-0.049999,0.300000,0.614461
-0.049999,0.300000,0.614856
-0.049999,0.300000,0.615250
-0.049999,0.300000,0.615643
-0.049999,0.300000,0.616035
-0.049999,0.300000,0.616426
-0.049999,0.300000,0.616816
-0.049999,0.300000,0.617206
-0.049999,0.300000,0.617594
-0.049999,0.300000,0.617982
-0.049999,0.300000,0.618369
-0.049999,0.300000,0.618754
-0.049999,0.300000,0.619139
-0.049999,0.300000,0.619523
-0.049999,0.300000,0.619906
-0.050000,0.300000,0.620288
-0.050000,0.300000,0.620669
-0.050000,0.300000,0.621049
-0.050000,0.300000,0.621428
-0.050000,0.300000,0.621806
-0.050000,0.300000,0.622183
-0.050000,0.300000,0.622559
-0.050000,0.300000,0.622934
-0.050000,0.300000,0.623308
-0.050000,0.300000,0.623680
-0.050000,0.300000,0.624052
-0.050000,0.300000,0.624423
-0.050000,0.300000,0.624792
-0.050000,0.300000,0.625160
-0.050000,0.300000,0.625528
-0.050000,0.300000,0.625894
-0.050000,0.300000,0.626259
-0.050000,0.300000,0.626623
-0.050000,0.300000,0.626985
-0.050000,0.300000,0.627347
-0.050000,0.300000,0.627707
-0.050000,0.300000,0.628067
-0.050000,0.300000,0.628425
-0.050000,0.300000,0.628781
-0.050000,0.300000,0.629137
-0.050000,0.300000,0.629491
-0.050000,0.300000,0.629845
-0.050000,0.300000,0.630197
-0.050000,0.300000,0.630547
-0.050000,0.300000,0.630897
-0.050000,0.300000,0.631245
-0.050000,0.300000,0.631592
-0.050000,0.300000,0.631938
-0.050000,0.300000,0.632282
-0.050000,0.300000,0.632625
-0.050000,0.300000,0.632967
-0.050000,0.300000,0.633307
-0.050000,0.300000,0.633646
-0.050000,0.300000,0.633984
-0.050000,0.300000,0.634321
-0.050000,0.300000,0.634656
-0.050000,0.300000,0.634990
-0.050000,0.300000,0.635322
-0.050000,0.300000,0.635653
-0.050000,0.300000,0.635983
-0.050000,0.300000,0.636311
-0.050000,0.300000,0.636638
-0.050000,0.300000,0.636963
-0.050000,0.300000,0.637288
-0.050000,0.300000,0.637610
-0.050000,0.300000,0.637931
-0.050000,0.300000,0.638251
-0.050000,0.300000,0.638570
-0.050000,0.300000,0.638887
-0.050000,0.300000,0.639202
-0.050000,0.300000,0.639516
-0.050000,0.300000,0.639829
-0.050000,0.300000,0.640140
-0.050000,0.300000,0.640450
-0.050000,0.300000,0.640758
-0.050000,0.300000,0.641064
-0.050000,0.300000,0.641370
-0.050000,0.300000,0.641673
-0.050000,0.300000,0.641975
-0.050000,0.300000,0.642276
-0.050000,0.300000,0.642575
-0.050000,0.300000,0.642873
-0.050000,0.300000,0.643169
-0.050000,0.300000,0.643463
-0.050000,0.300000,0.643756
-0.050000,0.300000,0.644048
-0.050000,0.300000,0.644338
-0.050000,0.300000,0.644626
-0.050000,0.300000,0.644913
-0.050000,0.300000,0.645198
-0.050000,0.300000,0.645481
-0.050000,0.300000,0.645763
-0.050000,0.300000,0.646044
-0.050000,0.300000,0.646322
-0.050000,0.300000,0.646600
-0.050000,0.300000,0.646875
-0.050000,0.300000,0.647149
-0.050000,0.300000,0.647421
-0.050000,0.300000,0.647692
-0.050000,0.300000,0.647961
-0.050000,0.300000,0.648229
-0.050000,0.300000,0.648495
-0.050000,0.300000,0.648759
-0.050000,0.300000,0.649021
-0.050000,0.300000,0.649282
-0.050000,0.300000,0.649541
-0.050000,0.300000,0.649799
-0.050000,0.300000,0.650055
-0.050000,0.300000,0.650309
-0.050000,0.300000,0.650562
-0.050000,0.300000,0.650812
-0.050000,0.300000,0.651062
-0.050000,0.300000,0.651309
-0.050000,0.300000,0.651555
-0.050000,0.300000,0.651799
-0.050000,0.300000,0.652042
-0.050000,0.300000,0.652282
-0.050000,0.300000,0.652521
-0.050000,0.300000,0.652759
-0.050000,0.300000,0.652995
-0.050000,0.300000,0.653228
-0.050000,0.300000,0.653461
-0.050000,0.300000,0.653691
-0.050000,0.300000,0.653920
-0.050000,0.300000,0.654147
-0.050000,0.300000,0.654373
-0.050000,0.300000,0.654596
-0.050000,0.300000,0.654818
-0.050000,0.300000,0.655038
-0.050000,0.300000,0.655257
-0.050000,0.300000,0.655474
-0.050000,0.300000,0.655689
-0.050000,0.300000,0.655902
-0.050000,0.300000,0.656113
-0.050000,0.300000,0.656323
-0.050000,0.300000,0.656531
-0.050000,0.300000,0.656738
-0.050000,0.300000,0.656942
-0.050000,0.300000,0.657145
-0.050000,0.300000,0.657346
-0.050000,0.300000,0.657545
-0.050000,0.300000,0.657743
-0.050000,0.300000,0.657939
-0.050000,0.300000,0.658133
-0.050000,0.300000,0.658326
-0.050000,0.300000,0.658516
-0.050000,0.300000,0.658705
-0.050000,0.300000,0.658892
-0.050000,0.300000,0.659078
-0.050000,0.300000,0.659261
-0.050000,0.300000,0.659443
-0.050000,0.300000,0.659623
-0.050000,0.300000,0.659802
-0.050000,0.300000,0.659979
-0.050000,0.300000,0.660153
-0.050000,0.300000,0.660327
-0.050000,0.300000,0.660498
-0.050000,0.300000,0.660668
-0.050000,0.300000,0.660836
-0.050000,0.300000,0.661002
-0.050000,0.300000,0.661167
-0.050000,0.300000,0.661329
-0.050000,0.300000,0.661491
-0.050000,0.300000,0.661650
-0.050000,0.300000,0.661807
-0.050000,0.300000,0.661963
-0.050000,0.300000,0.662118
-0.050000,0.300000,0.662270
-0.050000,0.300000,0.662421
-0.050000,0.300000,0.662570
-0.050000,0.300000,0.662717
-0.050000,0.300000,0.662863
-0.050000,0.300000,0.663006
-0.050000,0.300000,0.663149
-0.050000,0.300000,0.663289
-0.050000,0.300000,0.663428
-0.050000,0.300000,0.663565
-0.050000,0.300000,0.663700
-0.050000,0.300000,0.663834
-0.050000,0.300000,0.663966
-0.050000,0.300000,0.664096
-0.050000,0.300000,0.664225
-0.050000,0.300000,0.664352
-0.050000,0.300000,0.664477
-0.050000,0.300000,0.664601
-0.050000,0.300000,0.664723
-0.050000,0.300000,0.664843
-0.050000,0.300000,0.664962
-0.050000,0.300000,0.665079
-0.050000,0.300000,0.665195
-0.050000,0.300000,0.665308
-0.050000,0.300000,0.665420
-0.050000,0.300000,0.665531
-0.050000,0.300000,0.665640
-0.050000,0.300000,0.665747
-0.050000,0.300000,0.665853
-0.050000,0.300000,0.665957
-0.050000,0.300000,0.666060
-0.050000,0.300000,0.666161
-0.050000,0.300000,0.666260
-0.050000,0.300000,0.666358
-0.050000,0.300000,0.666454
-0.050000,0.300000,0.666549
-0.050000,0.300000,0.666642
-0.050000,0.300000,0.666733
-0.050000,0.300000,0.666823
-0.050000,0.300000,0.666912
-0.050000,0.300000,0.666999
-0.050000,0.300000,0.667084
-0.050000,0.300000,0.667168
-0.050000,0.300000,0.667251
-0.050000,0.300000,0.667332
-0.050000,0.300000,0.667411
-0.050000,0.300000,0.667489
-0.050000,0.300000,0.667566
-0.050000,0.300000,0.667641
-0.050000,0.300000,0.667715
-0.050000,0.300000,0.667787
-0.050000,0.300000,0.667858
-0.050000,0.300000,0.667927
-0.050000,0.300000,0.667995
-0.050000,0.300000,0.668061
-0.050000,0.300000,0.668127
-0.050000,0.300000,0.668190
-0.050000,0.300000,0.668253
-0.050000,0.300000,0.668314
-0.050000,0.300000,0.668374
-0.050000,0.300000,0.668432
-0.050000,0.300000,0.668489
-0.050000,0.300000,0.668545
-0.050000,0.300000,0.668599
-0.050000,0.300000,0.668652
-0.050000,0.300000,0.668704
-0.050000,0.300000,0.668755
-0.050000,0.300000,0.668804
-0.050000,0.300000,0.668852
-0.050000,0.300000,0.668899
-0.050000,0.300000,0.668945
-0.050000,0.300000,0.668989
-0.050000,0.300000,0.669032
-0.050000,0.300000,0.669074
-0.050000,0.300000,0.669115
-0.050000,0.300000,0.669155
-0.050000,0.300000,0.669193
-0.050000,0.300000,0.669231
-0.050000,0.300000,0.669267
-0.050000,0.300000,0.669302
-0.050000,0.300000,0.669336
-0.050000,0.300000,0.669369
-0.050000,0.300000,0.669401
-0.050000,0.300000,0.669432
-0.050000,0.300000,0.669462
-0.050000,0.300000,0.669491
-0.050000,0.300000,0.669519
-0.050000,0.300000,0.669545
-0.050000,0.300000,0.669571
-0.050000,0.300000,0.669596
-0.050000,0.300000,0.669620
-0.050000,0.300000,0.669643
-0.050000,0.300000,0.669665
-0.050000,0.300000,0.669686
-0.050000,0.300000,0.669707
-0.050000,0.300000,0.669726
-0.050000,0.300000,0.669745
-0.050000,0.300000,0.669762
-0.050000,0.300000,0.669779
-0.050000,0.300000,0.669795
-0.050000,0.300000,0.669811
-0.050000,0.300000,0.669825
-0.050000,0.300000,0.669839
-0.050000,0.300000,0.669852
-0.050000,0.300000,0.669865
-0.050000,0.300000,0.669876
-0.050000,0.300000,0.669887
-0.050000,0.300000,0.669898
-0.050000,0.300000,0.669907
-0.050000,0.300000,0.669916
-0.050000,0.300000,0.669925
-0.050000,0.300000,0.669933
-0.050000,0.300000,0.669940
-0.050000,0.300000,0.669947
-0.050000,0.300000,0.669953
-0.050000,0.300000,0.669959
-0.050000,0.300000,0.669964
-0.050000,0.300000,0.669969
-0.050000,0.300000,0.669973
-0.050000,0.300000,0.669977
-0.050000,0.300000,0.669981
-0.050000,0.300000,0.669984
-0.050000,0.300000,0.669987
-0.050000,0.300000,0.669989
-0.050000,0.300000,0.669991
-0.050000,0.300000,0.669993
-0.050000,0.300000,0.669995
-0.050000,0.300000,0.669996
-0.050000,0.300000,0.669997
-0.050000,0.300000,0.669998
-0.050000,0.300000,0.669999
-0.050000,0.300000,0.669999
-0.050000,0.300000,0.670000
-0.050000,0.300000,0.670000
-0.050000,0.300000,0.670000
-0.050000,0.300000,0.670000
-0.050000,0.300000,0.670000
