x,y,z
0.101893,0.088287,0.849088
0.101893,0.088287,0.849088
0.101893,0.088287,0.849088
0.101893,0.088287,0.849088
0.101893,0.088287,0.849088
0.101893,0.088287,0.849088
0.101893,0.088288,0.849088
0.101893,0.088288,0.849088
0.101892,0.088288,0.849087
0.101892,0.088289,0.849087
0.101891,0.088289,0.849086
0.101890,0.088290,0.849086
0.101889,0.088291,0.849085
0.101888,0.088292,0.849084
0.101887,0.088293,0.849083
0.101885,0.088294,0.849082
0.101883,0.088296,0.849081
0.101881,0.088297,0.849080
0.101879,0.088299,0.849078
0.101877,0.088301,0.849076
0.101874,0.088304,0.849074
0.101871,0.088306,0.849072
0.101868,0.088309,0.849070
0.101864,0.088312,0.849067
0.101860,0.088315,0.849064
0.101856,0.088319,0.849061
0.101851,0.088323,0.849058
0.101846,0.088327,0.849054
0.101840,0.088332,0.849050
0.101835,0.088337,0.849046
0.101828,0.088342,0.849042
0.101822,0.088347,0.849037
0.101815,0.088353,0.849032
0.101807,0.088359,0.849027
0.101799,0.088366,0.849021
0.101791,0.088373,0.849015
0.101782,0.088381,0.849009
0.101773,0.088388,0.849002
0.101763,0.088397,0.848995
0.101753,0.088405,0.848988
0.101742,0.088415,0.848980
0.101730,0.088424,0.848972
0.101718,0.088434,0.848964
0.101706,0.088445,0.848955
0.101693,0.088456,0.848945
0.101679,0.088467,0.848936
0.101665,0.088479,0.848926
0.101650,0.088492,0.848915
0.101635,0.088505,0.848904
0.101618,0.088518,0.848893
0.101602,0.088532,0.848881
0.101584,0.088547,0.848868
0.101566,0.088562,0.848856
0.101548,0.088578,0.848842
0.101528,0.088594,0.848829
0.101508,0.088611,0.848814
0.101487,0.088628,0.848799
0.101466,0.088646,0.848784
0.101444,0.088665,0.848768
0.101421,0.088684,0.848752
0.101397,0.088704,0.848735
0.101373,0.088725,0.848718
0.101348,0.088746,0.848700
0.101322,0.088768,0.848682
0.101295,0.088790,0.848663
0.101267,0.088813,0.848643
0.101239,0.088837,0.848623
0.101210,0.088862,0.848602
0.101180,0.088887,0.848581
0.101149,0.088913,0.848559
0.101118,0.088939,0.848537
0.101085,0.088966,0.848514
0.101052,0.088994,0.848490
0.101018,0.089023,0.848466
0.100983,0.089053,0.848441
0.100947,0.089083,0.848415
0.100910,0.089114,0.848389
0.100872,0.089145,0.848362
0.100834,0.089178,0.848335
0.100794,0.089211,0.848307
0.100754,0.089245,0.848278
0.100712,0.089280,0.848248
0.100670,0.089316,0.848218
0.100627,0.089352,0.848187
0.100582,0.089389,0.848156
0.100537,0.089427,0.848124
0.100491,0.089466,0.848091
0.100444,0.089506,0.848057
0.100396,0.089546,0.848023
0.100346,0.089587,0.847988
0.100296,0.089630,0.847953
0.100245,0.089673,0.847916
0.100193,0.089717,0.847879
0.100139,0.089761,0.847841
0.100085,0.089807,0.847803
0.100030,0.089853,0.847763
0.099973,0.089901,0.847723
0.099916,0.089949,0.847682
0.099858,0.089998,0.847641
0.099798,0.090048,0.847598
0.099737,0.090099,0.847555
0.099676,0.090151,0.847511
0.099613,0.090204,0.847467
0.099549,0.090258,0.847421
0.099484,0.090313,0.847375
0.099417,0.090368,0.847328
0.099350,0.090425,0.847280
0.099282,0.090482,0.847231
0.099212,0.090541,0.847182
0.099141,0.090600,0.847132
0.099070,0.090660,0.847080
0.098997,0.090722,0.847029
0.098922,0.090784,0.846976
0.098847,0.090848,0.846922
0.098771,0.090912,0.846868
0.098693,0.090977,0.846813
0.098614,0.091043,0.846757
0.098534,0.091111,0.846700
0.098453,0.091179,0.846642
0.098370,0.091248,0.846583
0.098287,0.091319,0.846524
0.098202,0.091390,0.846463
0.098116,0.091462,0.846402
0.098028,0.091536,0.846340
0.097940,0.091610,0.846277
0.097850,0.091686,0.846213
0.097759,0.091762,0.846149
0.097667,0.091840,0.846083
0.097573,0.091918,0.846017
0.097478,0.091998,0.845949
0.097382,0.092079,0.845881
0.097285,0.092160,0.845812
0.097187,0.092243,0.845742
0.097087,0.092327,0.845671
0.096986,0.092412,0.845599
0.096883,0.092498,0.845526
0.096779,0.092585,0.845452
0.096675,0.092674,0.845378
0.096568,0.092763,0.845302
0.096461,0.092853,0.845226
0.096352,0.092945,0.845148
0.096242,0.093037,0.845070
0.096130,0.093131,0.844991
0.096017,0.093226,0.844910
0.095903,0.093322,0.844829
0.095788,0.093419,0.844747
0.095671,0.093517,0.844664
0.095553,0.093617,0.844580
0.095433,0.093717,0.844495
0.095312,0.093818,0.844409
0.095190,0.093921,0.844322
0.095067,0.094025,0.844234
0.094942,0.094130,0.844146
0.094815,0.094236,0.844056
0.094688,0.094343,0.843965
0.094559,0.094452,0.843874
0.094429,0.094561,0.843781
0.094297,0.094672,0.843687
0.094164,0.094784,0.843593
0.094029,0.094897,0.843497
0.093894,0.095011,0.843401
0.093756,0.095126,0.843303
0.093618,0.095243,0.843204
0.093478,0.095360,0.843105
0.093337,0.095479,0.843004
0.093194,0.095599,0.842903
0.093050,0.095720,0.842801
0.092904,0.095842,0.842697
0.092757,0.095966,0.842593
0.092609,0.096091,0.842487
0.092459,0.096217,0.842381
0.092308,0.096344,0.842273
0.092155,0.096472,0.842165
0.092001,0.096601,0.842055
0.091846,0.096732,0.841945
0.091689,0.096864,0.841833
0.091531,0.096997,0.841721
0.091371,0.097131,0.841607
0.091210,0.097266,0.841493
0.091048,0.097403,0.841377
0.090884,0.097540,0.841261
0.090719,0.097679,0.841143
0.090552,0.097820,0.841025
0.090384,0.097961,0.840905
0.090214,0.098104,0.840784
0.090043,0.098247,0.840663
0.089870,0.098392,0.840540
0.089696,0.098539,0.840416
0.089521,0.098686,0.840292
0.089344,0.098835,0.840166
0.089166,0.098984,0.840039
0.088986,0.099135,0.839912
0.088805,0.099288,0.839783
0.088622,0.099441,0.839653
0.088438,0.099596,0.839522
0.088253,0.099752,0.839390
0.088066,0.099909,0.839257
0.087878,0.100067,0.839123
0.087688,0.100227,0.838988
0.087497,0.100388,0.838852
0.087304,0.100550,0.838715
0.087110,0.100713,0.838577
0.086914,0.100877,0.838438
0.086717,0.101043,0.838298
0.086518,0.101210,0.838157
0.086318,0.101378,0.838015
0.086117,0.101547,0.837872
0.085914,0.101718,0.837727
0.085710,0.101889,0.837582
0.085504,0.102062,0.837436
0.085297,0.102236,0.837288
0.085088,0.102412,0.837140
0.084878,0.102589,0.836991
0.084666,0.102766,0.836840
0.084453,0.102946,0.836689
0.084239,0.103126,0.836536
0.084023,0.103307,0.836383
0.083805,0.103490,0.836228
0.083586,0.103674,0.836072
0.083366,0.103859,0.835916
0.083144,0.104046,0.835758
0.082921,0.104233,0.835599
0.082696,0.104422,0.835439
0.082470,0.104612,0.835279
0.082242,0.104804,0.835117
0.082013,0.104996,0.834954
0.081783,0.105190,0.834790
0.081551,0.105385,0.834625
0.081317,0.105581,0.834459
0.081083,0.105778,0.834292
0.080846,0.105977,0.834124
0.080609,0.106177,0.833955
0.080369,0.106378,0.833785
0.080129,0.106580,0.833614
0.079887,0.106783,0.833442
0.079643,0.106988,0.833269
0.079398,0.107194,0.833095
0.079152,0.107401,0.832920
0.078904,0.107609,0.832743
0.078655,0.107819,0.832566
0.078404,0.108030,0.832388
0.078152,0.108241,0.832209
0.077898,0.108455,0.832028
0.077643,0.108669,0.831847
0.077387,0.108884,0.831665
0.077129,0.109101,0.831482
0.076870,0.109319,0.831297
0.076609,0.109538,0.831112
0.076347,0.109758,0.830925
0.076084,0.109980,0.830738
0.075819,0.110203,0.830550
0.075552,0.110427,0.830360
0.075284,0.110652,0.830170
0.075015,0.110878,0.829979
0.074745,0.111105,0.829786
0.074473,0.111334,0.829593
0.074199,0.111564,0.829398
0.073924,0.111795,0.829203
0.073648,0.112027,0.829007
0.073370,0.112260,0.828809
0.073091,0.112495,0.828611
0.072811,0.112731,0.828411
0.072529,0.112967,0.828211
0.072246,0.113205,0.828010
0.071961,0.113445,0.827807
0.071675,0.113685,0.827604
0.071388,0.113927,0.827400
0.071099,0.114169,0.827194
0.070809,0.114413,0.826988
0.070518,0.114658,0.826781
0.070225,0.114904,0.826573
0.069930,0.115152,0.826363
0.069635,0.115400,0.826153
0.069338,0.115650,0.825942
0.069039,0.115900,0.825730
0.068740,0.116152,0.825517
0.068439,0.116405,0.825303
0.068136,0.116660,0.825088
0.067832,0.116915,0.824872
0.067527,0.117171,0.824655
0.067221,0.117429,0.824437
0.066913,0.117688,0.824218
0.066604,0.117947,0.823998
0.066293,0.118208,0.823778
0.065982,0.118470,0.823556
0.065669,0.118734,0.823333
0.065354,0.118998,0.823110
0.065038,0.119263,0.822885
0.064721,0.119530,0.822660
0.064403,0.119797,0.822434
0.064083,0.120066,0.822206
0.063762,0.120336,0.821978
0.063440,0.120607,0.821749
0.063116,0.120879,0.821519
0.062791,0.121152,0.821288
0.062465,0.121426,0.821056
0.062138,0.121701,0.820823
0.061809,0.121978,0.820589
0.061479,0.122255,0.820355
0.061147,0.122534,0.820119
0.060815,0.122813,0.819882
0.060481,0.123094,0.819645
0.060146,0.123376,0.819407
0.059809,0.123658,0.819168
0.059472,0.123942,0.818928
0.059133,0.124227,0.818687
0.058792,0.124513,0.818445
0.058451,0.124800,0.818202
0.058108,0.125088,0.817958
0.057764,0.125377,0.817714
0.057419,0.125667,0.817468
0.057073,0.125958,0.817222
0.056725,0.126250,0.816975
0.056377,0.126543,0.816727
0.056027,0.126838,0.816478
0.055675,0.127133,0.816229
0.055323,0.127429,0.815978
0.054969,0.127726,0.815727
0.054614,0.128024,0.815474
0.054258,0.128324,0.815221
0.053901,0.128624,0.814967
0.053543,0.128925,0.814712
0.053183,0.129227,0.814457
0.052822,0.129531,0.814200
0.052460,0.129835,0.813943
0.052097,0.130140,0.813685
0.051733,0.130446,0.813426
0.051368,0.130753,0.813166
0.051001,0.131061,0.812905
0.050633,0.131370,0.812644
0.050265,0.131680,0.812382
0.049895,0.131991,0.812119
0.049524,0.132303,0.811855
0.049151,0.132616,0.811590
0.048778,0.132930,0.811325
0.048403,0.133245,0.811058
0.048028,0.133560,0.810791
0.047651,0.133877,0.810524
0.047273,0.134195,0.810255
0.046894,0.134513,0.809986
0.046514,0.134832,0.809715
0.046133,0.135153,0.809445
0.045751,0.135474,0.809173
0.045368,0.135796,0.808900
0.044984,0.136119,0.808627
0.044598,0.136443,0.808353
0.044212,0.136768,0.808078
0.043825,0.137093,0.807803
0.043436,0.137420,0.807527
0.043046,0.137747,0.807250
0.042656,0.138075,0.806972
0.042264,0.138405,0.806694
0.041872,0.138735,0.806415
0.041478,0.139066,0.806135
0.041083,0.139397,0.805854
0.040688,0.139730,0.805573
0.040291,0.140063,0.805291
0.039893,0.140398,0.805008
0.039494,0.140733,0.804724
0.039095,0.141069,0.804440
0.038694,0.141405,0.804155
0.038292,0.141743,0.803870
0.037890,0.142081,0.803584
0.037486,0.142420,0.803297
0.037082,0.142760,0.803009
0.036676,0.143101,0.802721
0.036270,0.143443,0.802432
0.035863,0.143785,0.802142
0.035454,0.144128,0.801852
0.035045,0.144472,0.801561
0.034635,0.144817,0.801269
0.034224,0.145163,0.800977
0.033812,0.145509,0.800684
0.033399,0.145856,0.800391
0.032985,0.146204,0.800097
0.032570,0.146552,0.799802
0.032155,0.146901,0.799506
0.031739,0.147251,0.799210
0.031321,0.147602,0.798914
0.030903,0.147954,0.798616
0.030484,0.148306,0.798318
0.030064,0.148659,0.798020
0.029643,0.149012,0.797721
0.029222,0.149367,0.797421
0.028799,0.149722,0.797121
0.028376,0.150077,0.796820
0.027952,0.150434,0.796518
0.027527,0.150791,0.796216
0.027102,0.151149,0.795914
0.026675,0.151507,0.795610
0.026248,0.151866,0.795306
0.025820,0.152226,0.795002
0.025391,0.152587,0.794697
0.024961,0.152948,0.794392
0.024531,0.153309,0.794086
0.024100,0.153672,0.793779
0.023668,0.154035,0.793472
0.023235,0.154398,0.793164
0.022801,0.154763,0.792856
0.022367,0.155128,0.792548
0.021932,0.155493,0.792238
0.021497,0.155859,0.791929
0.021060,0.156226,0.791618
0.020623,0.156593,0.791308
0.020186,0.156961,0.790996
0.019747,0.157330,0.790685
0.019308,0.157699,0.790373
0.018868,0.158069,0.790060
0.018428,0.158439,0.789747
0.017986,0.158810,0.789433
0.017545,0.159181,0.789119
0.017102,0.159553,0.788804
0.016659,0.159926,0.788489
0.016215,0.160299,0.788174
0.015771,0.160672,0.787858
0.015325,0.161046,0.787541
0.014880,0.161421,0.787224
0.014433,0.161796,0.786907
0.013987,0.162172,0.786589
0.013539,0.162548,0.786271
0.013091,0.162924,0.785952
0.012642,0.163302,0.785633
0.012193,0.163679,0.785314
0.011743,0.164057,0.784994
0.011293,0.164436,0.784674
0.010842,0.164815,0.784353
0.010390,0.165195,0.784032
0.009938,0.165575,0.783711
0.009485,0.165955,0.783389
0.009032,0.166336,0.783067
0.008578,0.166717,0.782744
0.008124,0.167099,0.782421
0.007669,0.167481,0.782098
0.007214,0.167864,0.781774
0.006758,0.168247,0.781450
0.006302,0.168630,0.781126
0.005845,0.169014,0.780801
0.005388,0.169398,0.780476
0.004931,0.169783,0.780151
0.004472,0.170168,0.779825
0.004014,0.170554,0.779499
0.003555,0.170939,0.779173
0.003095,0.171325,0.778846
0.002636,0.171712,0.778519
0.002175,0.172099,0.778192
0.001714,0.172486,0.777864
0.001253,0.172874,0.777536
0.000792,0.173262,0.777208
0.000330,0.173650,0.776880
-0.000132,0.174038,0.776551
-0.000595,0.174427,0.776222
-0.001058,0.174817,0.775893
-0.001522,0.175206,0.775563
-0.001986,0.175596,0.775234
-0.002450,0.175986,0.774903
-0.002914,0.176376,0.774573
-0.003379,0.176767,0.774243
-0.003844,0.177158,0.773912
-0.004310,0.177549,0.773581
-0.004776,0.177941,0.773250
-0.005242,0.178333,0.772918
-0.005708,0.178725,0.772587
-0.006175,0.179117,0.772255
-0.006642,0.179509,0.771923
-0.007109,0.179902,0.771591
-0.007577,0.180295,0.771258
-0.008044,0.180688,0.770926
-0.008513,0.181082,0.770593
-0.008981,0.181475,0.770260
-0.009449,0.181869,0.769927
-0.009918,0.182263,0.769594
-0.010387,0.182657,0.769260
-0.010856,0.183052,0.768927
-0.011326,0.183446,0.768593
-0.011796,0.183841,0.768259
-0.012265,0.184236,0.767925
-0.012735,0.184631,0.767591
-0.013206,0.185026,0.767256
-0.013676,0.185422,0.766922
-0.014147,0.185817,0.766587
-0.014617,0.186213,0.766253
-0.015088,0.186609,0.765918
-0.015559,0.187004,0.765583
-0.016030,0.187400,0.765248
-0.016502,0.187796,0.764913
-0.016973,0.188193,0.764578
-0.017445,0.188589,0.764243
-0.017916,0.188985,0.763907
-0.018388,0.189382,0.763572
-0.018860,0.189778,0.763237
-0.019332,0.190175,0.762901
-0.019803,0.190572,0.762566
-0.020276,0.190968,0.762230
-0.020748,0.191365,0.761894
-0.021220,0.191762,0.761559
-0.021692,0.192159,0.761223
-0.022164,0.192556,0.760887
-0.022636,0.192953,0.760551
-0.023109,0.193350,0.760216
-0.023581,0.193747,0.759880
-0.024053,0.194144,0.759544
-0.024526,0.194541,0.759208
-0.024998,0.194937,0.758873
-0.025470,0.195334,0.758537
-0.025942,0.195731,0.758201
-0.026415,0.196128,0.757865
-0.026887,0.196525,0.757530
-0.027359,0.196922,0.757194
-0.027831,0.197319,0.756858
-0.028303,0.197715,0.756523
-0.028775,0.198112,0.756187
-0.029247,0.198509,0.755852
-0.029719,0.198905,0.755516
-0.030190,0.199302,0.755181
-0.030662,0.199698,0.754845
-0.031134,0.200094,0.754510
-0.031605,0.200491,0.754175
-0.032076,0.200887,0.753840
-0.032547,0.201283,0.753505
-0.033018,0.201679,0.753170
-0.033489,0.202074,0.752835
-0.033960,0.202470,0.752501
-0.034430,0.202865,0.752166
-0.034901,0.203261,0.751832
-0.035371,0.203656,0.751497
-0.035841,0.204051,0.751163
-0.036311,0.204446,0.750829
-0.036781,0.204841,0.750495
-0.037250,0.205235,0.750162
-0.037719,0.205630,0.749828
-0.038188,0.206024,0.749495
-0.038657,0.206418,0.749161
-0.039126,0.206812,0.748828
-0.039594,0.207205,0.748495
-0.040062,0.207599,0.748162
-0.040530,0.207992,0.747830
-0.040997,0.208385,0.747497
-0.041465,0.208778,0.747165
-0.041932,0.209170,0.746833
-0.042398,0.209562,0.746501
-0.042865,0.209954,0.746170
-0.043331,0.210346,0.745838
-0.043797,0.210738,0.745507
-0.044262,0.211129,0.745176
-0.044727,0.211520,0.744845
-0.045192,0.211911,0.744515
-0.045657,0.212301,0.744185
-0.046121,0.212691,0.743855
-0.046585,0.213081,0.743525
-0.047048,0.213470,0.743195
-0.047511,0.213860,0.742866
-0.047974,0.214249,0.742537
-0.048436,0.214637,0.742208
-0.048898,0.215025,0.741880
-0.049360,0.215413,0.741552
-0.049821,0.215801,0.741224
-0.050282,0.216188,0.740896
-0.050742,0.216575,0.740569
-0.051202,0.216962,0.740242
-0.051661,0.217348,0.739916
-0.052120,0.217734,0.739589
-0.052579,0.218119,0.739263
-0.053037,0.218504,0.738938
-0.053495,0.218889,0.738612
-0.053952,0.219273,0.738287
-0.054409,0.219657,0.737962
-0.054865,0.220040,0.737638
-0.055321,0.220423,0.737314
-0.055776,0.220806,0.736990
-0.056231,0.221188,0.736667
-0.056685,0.221570,0.736344
-0.057139,0.221951,0.736022
-0.057592,0.222332,0.735699
-0.058044,0.222713,0.735378
-0.058496,0.223093,0.735056
-0.058948,0.223472,0.734735
-0.059399,0.223851,0.734414
-0.059849,0.224230,0.734094
-0.060299,0.224608,0.733774
-0.060749,0.224986,0.733455
-0.061197,0.225363,0.733136
-0.061646,0.225739,0.732817
-0.062093,0.226115,0.732499
-0.062540,0.226491,0.732181
-0.062986,0.226866,0.731864
-0.063432,0.227241,0.731547
-0.063877,0.227615,0.731231
-0.064322,0.227988,0.730915
-0.064765,0.228361,0.730599
-0.065209,0.228734,0.730284
-0.065651,0.229106,0.729969
-0.066093,0.229477,0.729655
-0.066534,0.229848,0.729342
-0.066975,0.230218,0.729028
-0.067414,0.230588,0.728716
-0.067854,0.230957,0.728403
-0.068292,0.231326,0.728092
-0.068730,0.231694,0.727780
-0.069167,0.232061,0.727470
-0.069603,0.232428,0.727159
-0.070039,0.232794,0.726850
-0.070474,0.233159,0.726541
-0.070908,0.233524,0.726232
-0.071341,0.233889,0.725924
-0.071774,0.234252,0.725616
-0.072206,0.234615,0.725309
-0.072637,0.234978,0.725002
-0.073068,0.235339,0.724696
-0.073497,0.235701,0.724391
-0.073926,0.236061,0.724086
-0.074354,0.236421,0.723782
-0.074782,0.236780,0.723478
-0.075208,0.237138,0.723175
-0.075634,0.237496,0.722872
-0.076059,0.237853,0.722570
-0.076483,0.238210,0.722268
-0.076906,0.238565,0.721968
-0.077328,0.238921,0.721667
-0.077750,0.239275,0.721367
-0.078171,0.239628,0.721068
-0.078591,0.239981,0.720770
-0.079010,0.240334,0.720472
-0.079428,0.240685,0.720175
-0.079845,0.241036,0.719878
-0.080261,0.241386,0.719582
-0.080677,0.241735,0.719286
-0.081092,0.242084,0.718992
-0.081505,0.242431,0.718697
-0.081918,0.242778,0.718404
-0.082330,0.243125,0.718111
-0.082741,0.243470,0.717819
-0.083152,0.243815,0.717527
-0.083561,0.244159,0.717236
-0.083969,0.244502,0.716946
-0.084376,0.244844,0.716656
-0.084783,0.245186,0.716367
-0.085188,0.245527,0.716079
-0.085593,0.245867,0.715791
-0.085996,0.246206,0.715505
-0.086399,0.246544,0.715218
-0.086801,0.246882,0.714933
-0.087201,0.247219,0.714648
-0.087601,0.247554,0.714364
-0.088000,0.247890,0.714080
-0.088397,0.248224,0.713798
-0.088794,0.248557,0.713515
-0.089190,0.248890,0.713234
-0.089584,0.249222,0.712954
-0.089978,0.249552,0.712674
-0.090371,0.249882,0.712394
-0.090762,0.250212,0.712116
-0.091153,0.250540,0.711838
-0.091543,0.250867,0.711561
-0.091931,0.251194,0.711285
-0.092319,0.251520,0.711010
-0.092705,0.251844,0.710735
-0.093090,0.252168,0.710461
-0.093475,0.252491,0.710188
-0.093858,0.252813,0.709915
-0.094240,0.253134,0.709644
-0.094621,0.253455,0.709373
-0.095001,0.253774,0.709103
-0.095380,0.254093,0.708833
-0.095758,0.254410,0.708565
-0.096134,0.254727,0.708297
-0.096510,0.255042,0.708030
-0.096884,0.255357,0.707763
-0.097258,0.255671,0.707498
-0.097630,0.255984,0.707233
-0.098001,0.256296,0.706970
-0.098371,0.256607,0.706706
-0.098740,0.256917,0.706444
-0.099108,0.257226,0.706183
-0.099474,0.257534,0.705922
-0.099840,0.257841,0.705662
-0.100204,0.258147,0.705403
-0.100567,0.258452,0.705145
-0.100929,0.258756,0.704888
-0.101290,0.259060,0.704631
-0.101649,0.259362,0.704376
-0.102008,0.259663,0.704121
-0.102365,0.259963,0.703867
-0.102721,0.260263,0.703614
-0.103076,0.260561,0.703362
-0.103429,0.260858,0.703110
-0.103782,0.261154,0.702860
-0.104133,0.261450,0.702610
-0.104483,0.261744,0.702361
-0.104832,0.262037,0.702113
-0.105179,0.262329,0.701866
-0.105526,0.262620,0.701620
-0.105871,0.262910,0.701374
-0.106215,0.263199,0.701130
-0.106558,0.263487,0.700886
-0.106899,0.263774,0.700643
-0.107239,0.264060,0.700402
-0.107578,0.264345,0.700161
-0.107916,0.264629,0.699921
-0.108252,0.264912,0.699681
-0.108587,0.265193,0.699443
-0.108921,0.265474,0.699206
-0.109254,0.265753,0.698969
-0.109585,0.266032,0.698734
-0.109915,0.266309,0.698499
-0.110244,0.266586,0.698265
-0.110572,0.266861,0.698032
-0.110898,0.267135,0.697800
-0.111223,0.267408,0.697569
-0.111546,0.267680,0.697339
-0.111869,0.267951,0.697110
-0.112190,0.268221,0.696882
-0.112509,0.268490,0.696655
-0.112828,0.268757,0.696428
-0.113145,0.269024,0.696203
-0.113461,0.269289,0.695978
-0.113775,0.269553,0.695755
-0.114088,0.269817,0.695532
-0.114400,0.270079,0.695310
-0.114710,0.270340,0.695090
-0.115020,0.270599,0.694870
-0.115327,0.270858,0.694651
-0.115634,0.271116,0.694433
-0.115939,0.271372,0.694216
-0.116243,0.271628,0.694000
-0.116545,0.271882,0.693785
-0.116846,0.272135,0.693571
-0.117146,0.272387,0.693358
-0.117444,0.272637,0.693146
-0.117741,0.272887,0.692935
-0.118037,0.273135,0.692725
-0.118331,0.273383,0.692516
-0.118624,0.273629,0.692307
-0.118916,0.273874,0.692100
-0.119206,0.274118,0.691894
-0.119494,0.274361,0.691688
-0.119782,0.274602,0.691484
-0.120068,0.274842,0.691281
-0.120352,0.275082,0.691078
-0.120636,0.275320,0.690877
-0.120917,0.275557,0.690677
-0.121198,0.275792,0.690477
-0.121477,0.276027,0.690279
-0.121755,0.276260,0.690082
-0.122031,0.276492,0.689885
-0.122306,0.276723,0.689690
-0.122579,0.276953,0.689495
-0.122851,0.277182,0.689302
-0.123122,0.277409,0.689110
-0.123391,0.277635,0.688918
-0.123659,0.277861,0.688728
-0.123925,0.278084,0.688538
-0.124190,0.278307,0.688350
-0.124454,0.278529,0.688163
-0.124716,0.278749,0.687976
-0.124976,0.278968,0.687791
-0.125236,0.279186,0.687607
-0.125494,0.279403,0.687423
-0.125750,0.279618,0.687241
-0.126005,0.279832,0.687060
-0.126259,0.280046,0.686879
-0.126511,0.280258,0.686700
-0.126761,0.280468,0.686522
-0.127011,0.280678,0.686345
-0.127258,0.280886,0.686169
-0.127505,0.281093,0.685993
-0.127750,0.281299,0.685819
-0.127993,0.281504,0.685646
-0.128235,0.281707,0.685474
-0.128476,0.281909,0.685303
-0.128715,0.282110,0.685133
-0.128953,0.282310,0.684964
-0.129189,0.282509,0.684796
-0.129424,0.282706,0.684629
-0.129657,0.282902,0.684463
-0.129889,0.283097,0.684298
-0.130120,0.283291,0.684134
-0.130349,0.283484,0.683971
-0.130577,0.283675,0.683809
-0.130803,0.283865,0.683649
-0.131027,0.284054,0.683489
-0.131251,0.284241,0.683330
-0.131472,0.284428,0.683173
-0.131693,0.284613,0.683016
-0.131912,0.284797,0.682860
-0.132129,0.284980,0.682706
-0.132345,0.285161,0.682552
-0.132560,0.285342,0.682400
-0.132773,0.285521,0.682248
-0.132984,0.285699,0.682098
-0.133194,0.285875,0.681948
-0.133403,0.286051,0.681800
-0.133610,0.286225,0.681652
-0.133816,0.286398,0.681506
-0.134021,0.286570,0.681361
-0.134223,0.286740,0.681217
-0.134425,0.286909,0.681073
-0.134625,0.287077,0.680931
-0.134823,0.287244,0.680790
-0.135021,0.287410,0.680650
-0.135216,0.287574,0.680511
-0.135410,0.287738,0.680373
-0.135603,0.287900,0.680236
-0.135794,0.288060,0.680100
-0.135984,0.288220,0.679965
-0.136173,0.288378,0.679831
-0.136359,0.288535,0.679698
-0.136545,0.288691,0.679566
-0.136729,0.288846,0.679435
-0.136912,0.288999,0.679305
-0.137093,0.289152,0.679177
-0.137272,0.289303,0.679049
-0.137451,0.289453,0.678922
-0.137628,0.289601,0.678796
-0.137803,0.289749,0.678672
-0.137977,0.289895,0.678548
-0.138149,0.290040,0.678425
-0.138320,0.290183,0.678304
-0.138490,0.290326,0.678183
-0.138658,0.290467,0.678064
-0.138825,0.290608,0.677945
-0.138990,0.290747,0.677827
-0.139154,0.290884,0.677711
-0.139317,0.291021,0.677595
-0.139478,0.291156,0.677481
-0.139638,0.291290,0.677367
-0.139796,0.291423,0.677255
-0.139953,0.291555,0.677143
-0.140108,0.291686,0.677033
-0.140262,0.291815,0.676923
-0.140414,0.291944,0.676815
-0.140566,0.292071,0.676708
-0.140715,0.292196,0.676601
-0.140864,0.292321,0.676496
-0.141011,0.292445,0.676391
-0.141156,0.292567,0.676288
-0.141300,0.292688,0.676185
-0.141443,0.292808,0.676084
-0.141584,0.292927,0.675983
-0.141724,0.293044,0.675884
-0.141863,0.293161,0.675785
-0.142000,0.293276,0.675688
-0.142136,0.293390,0.675591
-0.142270,0.293503,0.675495
-0.142403,0.293615,0.675401
-0.142535,0.293726,0.675307
-0.142665,0.293835,0.675215
-0.142794,0.293944,0.675123
-0.142922,0.294051,0.675032
-0.143048,0.294157,0.674942
-0.143173,0.294262,0.674854
-0.143297,0.294366,0.674766
-0.143419,0.294469,0.674679
-0.143540,0.294570,0.674593
-0.143659,0.294671,0.674508
-0.143777,0.294770,0.674424
-0.143894,0.294868,0.674341
-0.144010,0.294965,0.674259
-0.144124,0.295061,0.674178
-0.144237,0.295156,0.674098
-0.144348,0.295250,0.674018
-0.144458,0.295342,0.673940
-0.144567,0.295434,0.673863
-0.144675,0.295524,0.673786
-0.144781,0.295614,0.673711
-0.144886,0.295702,0.673636
-0.144990,0.295789,0.673562
-0.145092,0.295875,0.673489
-0.145193,0.295960,0.673417
-0.145293,0.296044,0.673346
-0.145392,0.296127,0.673276
-0.145489,0.296209,0.673207
-0.145585,0.296289,0.673139
-0.145680,0.296369,0.673072
-0.145773,0.296447,0.673005
-0.145866,0.296525,0.672939
-0.145957,0.296602,0.672875
-0.146046,0.296677,0.672811
-0.146135,0.296751,0.672748
-0.146222,0.296825,0.672686
-0.146308,0.296897,0.672625
-0.146393,0.296969,0.672564
-0.146477,0.297039,0.672505
-0.146559,0.297108,0.672446
-0.146641,0.297176,0.672388
-0.146721,0.297244,0.672332
-0.146799,0.297310,0.672275
-0.146877,0.297375,0.672220
-0.146954,0.297440,0.672166
-0.147029,0.297503,0.672112
-0.147103,0.297565,0.672060
-0.147176,0.297627,0.672008
-0.147248,0.297687,0.671957
-0.147319,0.297746,0.671906
-0.147388,0.297805,0.671857
-0.147457,0.297862,0.671808
-0.147524,0.297919,0.671760
-0.147590,0.297975,0.671713
-0.147655,0.298029,0.671667
-0.147719,0.298083,0.671622
-0.147782,0.298136,0.671577
-0.147844,0.298188,0.671533
-0.147904,0.298239,0.671490
-0.147964,0.298289,0.671447
-0.148023,0.298338,0.671406
-0.148080,0.298386,0.671365
-0.148136,0.298434,0.671325
-0.148192,0.298480,0.671286
-0.148246,0.298526,0.671247
-0.148299,0.298571,0.671209
-0.148351,0.298614,0.671172
-0.148403,0.298657,0.671136
-0.148453,0.298700,0.671100
-0.148502,0.298741,0.671065
-0.148550,0.298781,0.671031
-0.148597,0.298821,0.670997
-0.148644,0.298860,0.670964
-0.148689,0.298898,0.670932
-0.148733,0.298935,0.670901
-0.148776,0.298972,0.670870
-0.148819,0.299007,0.670840
-0.148860,0.299042,0.670810
-0.148901,0.299076,0.670782
-0.148940,0.299109,0.670754
-0.148979,0.299142,0.670726
-0.149016,0.299173,0.670699
-0.149053,0.299204,0.670673
-0.149089,0.299234,0.670648
-0.149124,0.299264,0.670623
-0.149158,0.299293,0.670598
-0.149192,0.299321,0.670575
-0.149224,0.299348,0.670552
-0.149256,0.299375,0.670529
-0.149287,0.299400,0.670507
-0.149316,0.299426,0.670486
-0.149346,0.299450,0.670465
-0.149374,0.299474,0.670445
-0.149401,0.299497,0.670426
-0.149428,0.299519,0.670407
-0.149454,0.299541,0.670388
-0.149479,0.299562,0.670370
-0.149504,0.299583,0.670353
-0.149527,0.299603,0.670336
-0.149550,0.299622,0.670320
-0.149572,0.299641,0.670304
-0.149594,0.299659,0.670289
-0.149615,0.299676,0.670274
-0.149635,0.299693,0.670260
-0.149654,0.299709,0.670246
-0.149673,0.299725,0.670233
-0.149691,0.299740,0.670220
-0.149708,0.299755,0.670207
-0.149725,0.299769,0.670196
-0.149741,0.299782,0.670184
-0.149757,0.299795,0.670173
-0.149771,0.299808,0.670163
-0.149786,0.299820,0.670152
-0.149799,0.299831,0.670143
-0.149812,0.299842,0.670133
-0.149825,0.299853,0.670124
-0.149837,0.299863,0.670116
-0.149848,0.299873,0.670108
-0.149859,0.299882,0.670100
-0.149870,0.299890,0.670093
-0.149879,0.299899,0.670086
-0.149889,0.299906,0.670079
-0.149898,0.299914,0.670073
-0.149906,0.299921,0.670067
-0.149914,0.299928,0.670061
-0.149921,0.299934,0.670056
-0.149928,0.299940,0.670051
-0.149935,0.299945,0.670046
-0.149941,0.299951,0.670042
-0.149947,0.299955,0.670038
-0.149952,0.299960,0.670034
-0.149957,0.299964,0.670030
-0.149962,0.299968,0.670027
-0.149966,0.299972,0.670024
-0.149970,0.299975,0.670021
-0.149974,0.299978,0.670018
-0.149977,0.299981,0.670016
-0.149980,0.299984,0.670014
-0.149983,0.299986,0.670012
-0.149986,0.299988,0.670010
-0.149988,0.299990,0.670009
-0.149990,0.299992,0.670007
-0.149992,0.299993,0.670006
-0.149993,0.299994,0.670005
-0.149995,0.299995,0.670004
-0.149996,0.299996,0.670003
-0.149997,0.299997,0.670002
-0.149998,0.299998,0.670002
-0.149998,0.299998,0.670001
-0.149999,0.299999,0.670001
-0.149999,0.299999,0.670001
-0.149999,0.300000,0.670000
-0.150000,0.300000,0.670000
-0.150000,0.300000,0.670000
-0.150000,0.300000,0.670000
-0.150000,0.300000,0.670000
-0.150000,0.300000,0.670000
