x,y,z
-0.101299,-0.088517,0.848910
-0.101299,-0.088517,0.848910
-0.101299,-0.088517,0.848910
-0.101299,-0.088517,0.848910
-0.101299,-0.088517,0.848910
-0.101299,-0.088517,0.848910
-0.101299,-0.088517,0.848909
-0.101298,-0.088516,0.848909
-0.101298,-0.088515,0.848909
-0.101298,-0.088515,0.848908
-0.101297,-0.088514,0.848908
-0.101296,-0.088512,0.848907
-0.101295,-0.088511,0.848907
-0.101294,-0.088509,0.848906
-0.101293,-0.088507,0.848905
-0.101291,-0.088505,0.848904
-0.101289,-0.088502,0.848903
-0.101287,-0.088499,0.848901
-0.101285,-0.088495,0.848900
-0.101283,-0.088491,0.848898
-0.101280,-0.088487,0.848896
-0.101277,-0.088482,0.848894
-0.101273,-0.088477,0.848891
-0.101270,-0.088472,0.848889
-0.101266,-0.088466,0.848886
-0.101262,-0.088459,0.848883
-0.101257,-0.088452,0.848880
-0.101252,-0.088444,0.848876
-0.101246,-0.088436,0.848872
-0.101241,-0.088427,0.848868
-0.101234,-0.088417,0.848864
-0.101228,-0.088407,0.848859
-0.101221,-0.088396,0.848854
-0.101213,-0.088385,0.848849
-0.101206,-0.088372,0.848843
-0.101197,-0.088359,0.848837
-0.101188,-0.088346,0.848831
-0.101179,-0.088331,0.848824
-0.101169,-0.088316,0.848817
-0.101159,-0.088300,0.848810
-0.101148,-0.088283,0.848802
-0.101137,-0.088266,0.848794
-0.101125,-0.088247,0.848785
-0.101112,-0.088228,0.848777
-0.101099,-0.088208,0.848767
-0.101085,-0.088187,0.848758
-0.101071,-0.088165,0.848747
-0.101056,-0.088142,0.848737
-0.101041,-0.088118,0.848726
-0.101025,-0.088093,0.848714
-0.101008,-0.088067,0.848703
-0.100991,-0.088041,0.848690
-0.100973,-0.088013,0.848677
-0.100954,-0.087984,0.848664
-0.100935,-0.087954,0.848650
-0.100915,-0.087923,0.848636
-0.100894,-0.087891,0.848621
-0.100873,-0.087858,0.848606
-0.100851,-0.087824,0.848590
-0.100828,-0.087788,0.848574
-0.100804,-0.087752,0.848557
-0.100780,-0.087714,0.848540
-0.100755,-0.087675,0.848522
-0.100729,-0.087635,0.848504
-0.100702,-0.087594,0.848485
-0.100675,-0.087552,0.848465
-0.100646,-0.087508,0.848445
-0.100617,-0.087463,0.848424
-0.100588,-0.087417,0.848403
-0.100557,-0.087369,0.848381
-0.100525,-0.087321,0.848359
-0.100493,-0.087271,0.848336
-0.100460,-0.087219,0.848312
-0.100426,-0.087167,0.848288
-0.100391,-0.087113,0.848263
-0.100355,-0.087057,0.848237
-0.100318,-0.087000,0.848211
-0.100280,-0.086942,0.848184
-0.100242,-0.086883,0.848157
-0.100202,-0.086822,0.848129
-0.100162,-0.086759,0.848100
-0.100121,-0.086695,0.848071
-0.100079,-0.086630,0.848041
-0.100035,-0.086563,0.848010
-0.099991,-0.086495,0.847978
-0.099946,-0.086425,0.847946
-0.099900,-0.086354,0.847914
-0.099853,-0.086281,0.847880
-0.099805,-0.086207,0.847846
-0.099756,-0.086131,0.847811
-0.099706,-0.086054,0.847775
-0.099655,-0.085975,0.847739
-0.099603,-0.085894,0.847702
-0.099549,-0.085812,0.847664
-0.099495,-0.085728,0.847625
-0.099440,-0.085643,0.847586
-0.099384,-0.085556,0.847546
-0.099327,-0.085467,0.847505
-0.099268,-0.085377,0.847464
-0.099209,-0.085285,0.847421
-0.099148,-0.085192,0.847378
-0.099087,-0.085096,0.847334
-0.099024,-0.084999,0.847290
-0.098960,-0.084901,0.847244
-0.098895,-0.084800,0.847198
-0.098829,-0.084698,0.847151
-0.098762,-0.084595,0.847103
-0.098694,-0.084489,0.847055
-0.098624,-0.084382,0.847005
-0.098554,-0.084273,0.846955
-0.098482,-0.084162,0.846904
-0.098409,-0.084049,0.846852
-0.098335,-0.083935,0.846800
-0.098260,-0.083819,0.846746
-0.098184,-0.083701,0.846692
-0.098106,-0.083581,0.846637
-0.098028,-0.083459,0.846581
-0.097948,-0.083336,0.846524
-0.097867,-0.083210,0.846466
-0.097784,-0.083083,0.846407
-0.097701,-0.082954,0.846348
-0.097616,-0.082823,0.846288
-0.097530,-0.082690,0.846227
-0.097443,-0.082556,0.846164
-0.097355,-0.082419,0.846102
-0.097265,-0.082281,0.846038
-0.097175,-0.082140,0.845973
-0.097083,-0.081998,0.845908
-0.096989,-0.081854,0.845841
-0.096895,-0.081708,0.845774
-0.096799,-0.081560,0.845706
-0.096702,-0.081409,0.845637
-0.096603,-0.081257,0.845567
-0.096504,-0.081103,0.845496
-0.096403,-0.080947,0.845424
-0.096301,-0.080790,0.845351
-0.096197,-0.080630,0.845277
-0.096093,-0.080468,0.845203
-0.095987,-0.080304,0.845127
-0.095879,-0.080138,0.845051
-0.095771,-0.079970,0.844974
-0.095661,-0.079800,0.844895
-0.095549,-0.079628,0.844816
-0.095437,-0.079454,0.844736
-0.095323,-0.079278,0.844655
-0.095208,-0.079100,0.844573
-0.095091,-0.078919,0.844490
-0.094973,-0.078737,0.844406
-0.094854,-0.078553,0.844321
-0.094734,-0.078367,0.844235
-0.094612,-0.078178,0.844149
-0.094489,-0.077988,0.844061
-0.094364,-0.077795,0.843972
-0.094238,-0.077600,0.843883
-0.094111,-0.077404,0.843792
-0.093982,-0.077205,0.843700
-0.093852,-0.077004,0.843608
-0.093721,-0.076801,0.843514
-0.093588,-0.076595,0.843420
-0.093454,-0.076388,0.843324
-0.093318,-0.076179,0.843228
-0.093181,-0.075967,0.843130
-0.093043,-0.075753,0.843032
-0.092904,-0.075537,0.842933
-0.092763,-0.075319,0.842832
-0.092620,-0.075099,0.842731
-0.092476,-0.074877,0.842628
-0.092331,-0.074652,0.842525
-0.092185,-0.074426,0.842421
-0.092037,-0.074197,0.842315
-0.091887,-0.073966,0.842209
-0.091736,-0.073733,0.842102
-0.091584,-0.073497,0.841993
-0.091431,-0.073260,0.841884
-0.091276,-0.073020,0.841773
-0.091119,-0.072778,0.841662
-0.090961,-0.072534,0.841550
-0.090802,-0.072288,0.841436
-0.090641,-0.072040,0.841322
-0.090479,-0.071789,0.841206
-0.090316,-0.071536,0.841090
-0.090151,-0.071281,0.840973
-0.089984,-0.071024,0.840854
-0.089817,-0.070765,0.840735
-0.089647,-0.070503,0.840614
-0.089477,-0.070239,0.840493
-0.089305,-0.069973,0.840370
-0.089131,-0.069705,0.840247
-0.088956,-0.069434,0.840122
-0.088780,-0.069161,0.839996
-0.088602,-0.068887,0.839870
-0.088422,-0.068609,0.839742
-0.088242,-0.068330,0.839614
-0.088060,-0.068048,0.839484
-0.087876,-0.067764,0.839353
-0.087691,-0.067478,0.839221
-0.087504,-0.067190,0.839089
-0.087317,-0.066899,0.838955
-0.087127,-0.066607,0.838820
-0.086936,-0.066312,0.838684
-0.086744,-0.066014,0.838547
-0.086550,-0.065715,0.838409
-0.086355,-0.065413,0.838270
-0.086159,-0.065109,0.838130
-0.085960,-0.064803,0.837989
-0.085761,-0.064495,0.837847
-0.085560,-0.064184,0.837704
-0.085358,-0.063871,0.837560
-0.085154,-0.063556,0.837415
-0.084948,-0.063238,0.837269
-0.084742,-0.062919,0.837122
-0.084533,-0.062597,0.836973
-0.084324,-0.062273,0.836824
-0.084113,-0.061946,0.836674
-0.083900,-0.061617,0.836523
-0.083686,-0.061287,0.836370
-0.083471,-0.060953,0.836217
-0.083254,-0.060618,0.836062
-0.083035,-0.060280,0.835907
-0.082815,-0.059941,0.835750
-0.082594,-0.059599,0.835593
-0.082371,-0.059254,0.835434
-0.082147,-0.058908,0.835275
-0.081922,-0.058559,0.835114
-0.081695,-0.058208,0.834952
-0.081466,-0.057854,0.834790
-0.081236,-0.057499,0.834626
-0.081005,-0.057141,0.834461
-0.080772,-0.056781,0.834295
-0.080538,-0.056419,0.834129
-0.080302,-0.056055,0.833961
-0.080065,-0.055688,0.833792
-0.079826,-0.055319,0.833622
-0.079586,-0.054948,0.833451
-0.079344,-0.054574,0.833279
-0.079102,-0.054199,0.833106
-0.078857,-0.053821,0.832932
-0.078611,-0.053441,0.832757
-0.078364,-0.053059,0.832581
-0.078115,-0.052674,0.832404
-0.077865,-0.052288,0.832226
-0.077614,-0.051899,0.832047
-0.077361,-0.051508,0.831867
-0.077106,-0.051114,0.831686
-0.076851,-0.050719,0.831504
-0.076593,-0.050321,0.831321
-0.076335,-0.049921,0.831136
-0.076075,-0.049519,0.830951
-0.075813,-0.049115,0.830765
-0.075550,-0.048708,0.830578
-0.075286,-0.048300,0.830390
-0.075020,-0.047889,0.830201
-0.074753,-0.047476,0.830010
-0.074484,-0.047061,0.829819
-0.074214,-0.046643,0.829627
-0.073943,-0.046224,0.829434
-0.073670,-0.045802,0.829240
-0.073396,-0.045378,0.829044
-0.073121,-0.044952,0.828848
-0.072844,-0.044524,0.828651
-0.072565,-0.044093,0.828453
-0.072285,-0.043661,0.828254
-0.072004,-0.043226,0.828053
-0.071722,-0.042789,0.827852
-0.071438,-0.042350,0.827650
-0.071152,-0.041909,0.827447
-0.070866,-0.041466,0.827243
-0.070578,-0.041021,0.827038
-0.070288,-0.040573,0.826832
-0.069997,-0.040123,0.826625
-0.069705,-0.039672,0.826417
-0.069412,-0.039218,0.826208
-0.069117,-0.038762,0.825998
-0.068820,-0.038304,0.825787
-0.068523,-0.037844,0.825575
-0.068224,-0.037381,0.825362
-0.067923,-0.036917,0.825148
-0.067622,-0.036451,0.824933
-0.067319,-0.035982,0.824718
-0.067014,-0.035511,0.824501
-0.066709,-0.035039,0.824283
-0.066401,-0.034564,0.824065
-0.066093,-0.034087,0.823845
-0.065783,-0.033608,0.823625
-0.065472,-0.033127,0.823403
-0.065160,-0.032644,0.823181
-0.064846,-0.032159,0.822957
-0.064531,-0.031672,0.822733
-0.064215,-0.031183,0.822508
-0.063897,-0.030692,0.822282
-0.063578,-0.030199,0.822055
-0.063258,-0.029704,0.821827
-0.062936,-0.029207,0.821598
-0.062613,-0.028708,0.821368
-0.062289,-0.028207,0.821137
-0.061964,-0.027703,0.820905
-0.061637,-0.027198,0.820673
-0.061309,-0.026691,0.820439
-0.060980,-0.026182,0.820205
-0.060649,-0.025671,0.819969
-0.060317,-0.025158,0.819733
-0.059984,-0.024643,0.819496
-0.059650,-0.024126,0.819258
-0.059314,-0.023607,0.819019
-0.058977,-0.023086,0.818779
-0.058639,-0.022564,0.818538
-0.058300,-0.022039,0.818297
-0.057959,-0.021512,0.818054
-0.057617,-0.020984,0.817811
-0.057274,-0.020453,0.817567
-0.056930,-0.019921,0.817322
-0.056585,-0.019387,0.817076
-0.056238,-0.018851,0.816829
-0.055890,-0.018313,0.816581
-0.055541,-0.017773,0.816332
-0.055190,-0.017231,0.816083
-0.054839,-0.016687,0.815833
-0.054486,-0.016142,0.815581
-0.054132,-0.015595,0.815329
-0.053777,-0.015046,0.815076
-0.053420,-0.014495,0.814823
-0.053063,-0.013942,0.814568
-0.052704,-0.013387,0.814313
-0.052344,-0.012831,0.814057
-0.051983,-0.012273,0.813799
-0.051621,-0.011712,0.813542
-0.051257,-0.011151,0.813283
-0.050893,-0.010587,0.813023
-0.050527,-0.010022,0.812763
-0.050160,-0.009455,0.812502
-0.049792,-0.008886,0.812240
-0.049423,-0.008315,0.811977
-0.049053,-0.007743,0.811713
-0.048682,-0.007168,0.811449
-0.048309,-0.006593,0.811184
-0.047935,-0.006015,0.810918
-0.047561,-0.005436,0.810651
-0.047185,-0.004855,0.810384
-0.046808,-0.004272,0.810115
-0.046430,-0.003688,0.809846
-0.046051,-0.003101,0.809576
-0.045671,-0.002514,0.809306
-0.045290,-0.001924,0.809034
-0.044907,-0.001333,0.808762
-0.044524,-0.000740,0.808489
-0.044139,-0.000146,0.808215
-0.043754,0.000450,0.807941
-0.043367,0.001047,0.807666
-0.042980,0.001647,0.807390
-0.042591,0.002248,0.807113
-0.042201,0.002850,0.806836
-0.041811,0.003454,0.806557
-0.041419,0.004060,0.806279
-0.041026,0.004667,0.805999
-0.040632,0.005276,0.805719
-0.040238,0.005886,0.805438
-0.039842,0.006498,0.805156
-0.039445,0.007111,0.804873
-0.039047,0.007726,0.804590
-0.038649,0.008343,0.804306
-0.038249,0.008961,0.804022
-0.037848,0.009580,0.803737
-0.037447,0.010201,0.803451
-0.037044,0.010824,0.803164
-0.036640,0.011447,0.802877
-0.036236,0.012073,0.802589
-0.035830,0.012700,0.802300
-0.035424,0.013328,0.802011
-0.035017,0.013958,0.801721
-0.034608,0.014589,0.801430
-0.034199,0.015222,0.801139
-0.033789,0.015856,0.800847
-0.033378,0.016491,0.800554
-0.032966,0.017128,0.800261
-0.032554,0.017766,0.799967
-0.032140,0.018406,0.799672
-0.031725,0.019046,0.799377
-0.031310,0.019689,0.799082
-0.030894,0.020332,0.798785
-0.030476,0.020977,0.798488
-0.030058,0.021624,0.798190
-0.029639,0.022271,0.797892
-0.029220,0.022920,0.797593
-0.028799,0.023571,0.797294
-0.028378,0.024222,0.796994
-0.027955,0.024875,0.796693
-0.027532,0.025529,0.796392
-0.027108,0.026184,0.796090
-0.026684,0.026841,0.795788
-0.026258,0.027499,0.795485
-0.025832,0.028158,0.795182
-0.025405,0.028818,0.794878
-0.024977,0.029479,0.794573
-0.024548,0.030142,0.794268
-0.024119,0.030806,0.793962
-0.023689,0.031471,0.793656
-0.023258,0.032137,0.793349
-0.022826,0.032805,0.793042
-0.022394,0.033473,0.792734
-0.021961,0.034143,0.792426
-0.021527,0.034814,0.792117
-0.021092,0.035486,0.791807
-0.020657,0.036159,0.791497
-0.020221,0.036833,0.791187
-0.019784,0.037508,0.790876
-0.019347,0.038184,0.790565
-0.018909,0.038862,0.790253
-0.018470,0.039540,0.789940
-0.018030,0.040219,0.789627
-0.017590,0.040900,0.789314
-0.017149,0.041581,0.789000
-0.016708,0.042264,0.788686
-0.016266,0.042947,0.788371
-0.015823,0.043632,0.788056
-0.015380,0.044318,0.787740
-0.014936,0.045004,0.787424
-0.014491,0.045691,0.787107
-0.014046,0.046380,0.786790
-0.013600,0.047069,0.786473
-0.013153,0.047760,0.786155
-0.012706,0.048451,0.785837
-0.012259,0.049143,0.785518
-0.011810,0.049836,0.785199
-0.011361,0.050530,0.784879
-0.010912,0.051224,0.784560
-0.010462,0.051920,0.784239
-0.010012,0.052617,0.783918
-0.009561,0.053314,0.783597
-0.009109,0.054012,0.783276
-0.008657,0.054711,0.782954
-0.008204,0.055411,0.782632
-0.007751,0.056111,0.782309
-0.007297,0.056813,0.781986
-0.006843,0.057515,0.781663
-0.006389,0.058218,0.781339
-0.005933,0.058922,0.781015
-0.005478,0.059626,0.780691
-0.005022,0.060331,0.780366
-0.004565,0.061037,0.780041
-0.004108,0.061744,0.779716
-0.003651,0.062451,0.779390
-0.003193,0.063159,0.779064
-0.002734,0.063868,0.778737
-0.002275,0.064577,0.778411
-0.001816,0.065287,0.778084
-0.001357,0.065998,0.777757
-0.000897,0.066709,0.777429
-0.000436,0.067421,0.777101
0.000025,0.068133,0.776773
0.000486,0.068846,0.776445
0.000948,0.069560,0.776116
0.001410,0.070274,0.775787
0.001872,0.070989,0.775458
0.002335,0.071704,0.775129
0.002798,0.072420,0.774799
0.003261,0.073137,0.774469
0.003725,0.073854,0.774139
0.004189,0.074571,0.773808
0.004653,0.075289,0.773478
0.005118,0.076008,0.773147
0.005583,0.076727,0.772816
0.006048,0.077446,0.772485
0.006514,0.078166,0.772153
0.006980,0.078886,0.771821
0.007446,0.079607,0.771490
0.007913,0.080328,0.771158
0.008379,0.081050,0.770825
0.008846,0.081772,0.770493
0.009314,0.082494,0.770160
0.009781,0.083217,0.769827
0.010249,0.083940,0.769494
0.010717,0.084663,0.769161
0.011185,0.085387,0.768828
0.011653,0.086111,0.768495
0.012122,0.086835,0.768161
0.012590,0.087560,0.767827
0.013059,0.088285,0.767493
0.013528,0.089010,0.767159
0.013998,0.089736,0.766825
0.014467,0.090461,0.766491
0.014937,0.091187,0.766157
0.015406,0.091914,0.765822
0.015876,0.092640,0.765488
0.016346,0.093367,0.765153
0.016817,0.094094,0.764818
0.017287,0.094821,0.764484
0.017757,0.095548,0.764149
0.018228,0.096275,0.763814
0.018698,0.097003,0.763479
0.019169,0.097731,0.763144
0.019640,0.098459,0.762809
0.020111,0.099187,0.762473
0.020581,0.099915,0.762138
0.021052,0.100643,0.761803
0.021523,0.101371,0.761467
0.021995,0.102099,0.761132
0.022466,0.102828,0.760797
0.022937,0.103556,0.760461
0.023408,0.104284,0.760126
0.023879,0.105013,0.759790
0.024350,0.105741,0.759455
0.024822,0.106470,0.759119
0.025293,0.107198,0.758784
0.025764,0.107927,0.758449
0.026235,0.108655,0.758113
0.026706,0.109383,0.757778
0.027177,0.110112,0.757442
0.027648,0.110840,0.757107
0.028119,0.111568,0.756772
0.028590,0.112296,0.756436
0.029061,0.113024,0.756101
0.029532,0.113752,0.755766
0.030002,0.114480,0.755431
0.030473,0.115207,0.755096
0.030944,0.115935,0.754761
0.031414,0.116662,0.754426
0.031884,0.117389,0.754091
0.032354,0.118116,0.753757
0.032824,0.118842,0.753422
0.033294,0.119569,0.753087
0.033764,0.120295,0.752753
0.034234,0.121021,0.752419
0.034703,0.121747,0.752084
0.035172,0.122473,0.751750
0.035641,0.123198,0.751416
0.036110,0.123923,0.751082
0.036579,0.124647,0.750749
0.037048,0.125372,0.750415
0.037516,0.126096,0.750082
0.037984,0.126820,0.749748
0.038452,0.127543,0.749415
0.038920,0.128266,0.749082
0.039387,0.128989,0.748750
0.039854,0.129711,0.748417
0.040321,0.130433,0.748084
0.040788,0.131155,0.747752
0.041255,0.131876,0.747420
0.041721,0.132596,0.747088
0.042187,0.133317,0.746757
0.042652,0.134037,0.746425
0.043118,0.134756,0.746094
0.043583,0.135475,0.745763
0.044047,0.136193,0.745432
0.044512,0.136911,0.745101
0.044976,0.137629,0.744771
0.045440,0.138346,0.744441
0.045903,0.139062,0.744111
0.046366,0.139778,0.743781
0.046829,0.140494,0.743452
0.047291,0.141208,0.743122
0.047753,0.141923,0.742794
0.048215,0.142636,0.742465
0.048676,0.143350,0.742137
0.049137,0.144062,0.741808
0.049597,0.144774,0.741481
0.050057,0.145485,0.741153
0.050517,0.146196,0.740826
0.050976,0.146906,0.740499
0.051435,0.147615,0.740172
0.051893,0.148324,0.739846
0.052351,0.149032,0.739520
0.052809,0.149739,0.739194
0.053266,0.150446,0.738869
0.053722,0.151152,0.738544
0.054178,0.151857,0.738219
0.054634,0.152561,0.737895
0.055089,0.153265,0.737571
0.055544,0.153968,0.737247
0.055998,0.154670,0.736924
0.056452,0.155371,0.736601
0.056905,0.156072,0.736278
0.057358,0.156772,0.735956
0.057810,0.157471,0.735634
0.058261,0.158169,0.735312
0.058712,0.158866,0.734991
0.059163,0.159563,0.734671
0.059613,0.160258,0.734350
0.060062,0.160953,0.734030
0.060511,0.161647,0.733711
0.060959,0.162340,0.733392
0.061407,0.163032,0.733073
0.061854,0.163723,0.732755
0.062300,0.164413,0.732437
0.062746,0.165103,0.732119
0.063192,0.165791,0.731802
0.063636,0.166479,0.731486
0.064080,0.167165,0.731170
0.064524,0.167851,0.730854
0.064966,0.168535,0.730539
0.065409,0.169219,0.730224
0.065850,0.169901,0.729910
0.066291,0.170583,0.729596
0.066731,0.171263,0.729282
0.067170,0.171943,0.728970
0.067609,0.172621,0.728657
0.068047,0.173298,0.728345
0.068485,0.173975,0.728034
0.068922,0.174650,0.727723
0.069358,0.175324,0.727412
0.069793,0.175997,0.727103
0.070228,0.176669,0.726793
0.070661,0.177340,0.726484
0.071095,0.178010,0.726176
0.071527,0.178678,0.725868
0.071959,0.179345,0.725561
0.072390,0.180012,0.725254
0.072820,0.180677,0.724948
0.073249,0.181341,0.724642
0.073678,0.182003,0.724337
0.074106,0.182665,0.724032
0.074533,0.183325,0.723728
0.074959,0.183984,0.723425
0.075384,0.184642,0.723122
0.075809,0.185298,0.722819
0.076233,0.185954,0.722518
0.076656,0.186608,0.722216
0.077078,0.187261,0.721916
0.077500,0.187912,0.721616
0.077920,0.188562,0.721316
0.078340,0.189211,0.721017
0.078759,0.189859,0.720719
0.079177,0.190505,0.720422
0.079594,0.191150,0.720125
0.080011,0.191794,0.719828
0.080426,0.192436,0.719532
0.080841,0.193077,0.719237
0.081254,0.193717,0.718943
0.081667,0.194355,0.718649
0.082079,0.194992,0.718356
0.082490,0.195627,0.718063
0.082900,0.196261,0.717771
0.083309,0.196894,0.717480
0.083717,0.197525,0.717189
0.084125,0.198155,0.716899
0.084531,0.198783,0.716610
0.084937,0.199410,0.716321
0.085341,0.200035,0.716033
0.085745,0.200659,0.715746
0.086147,0.201282,0.715459
0.086549,0.201903,0.715173
0.086950,0.202522,0.714888
0.087349,0.203140,0.714603
0.087748,0.203756,0.714320
0.088146,0.204371,0.714036
0.088543,0.204985,0.713754
0.088938,0.205597,0.713472
0.089333,0.206207,0.713191
0.089727,0.206816,0.712911
0.090120,0.207423,0.712631
0.090511,0.208029,0.712352
0.090902,0.208633,0.712074
0.091292,0.209235,0.711797
0.091680,0.209836,0.711520
0.092068,0.210435,0.711244
0.092455,0.211033,0.710969
0.092840,0.211629,0.710694
0.093225,0.212223,0.710421
0.093608,0.212816,0.710148
0.093990,0.213407,0.709876
0.094371,0.213996,0.709604
0.094752,0.214584,0.709333
0.095131,0.215170,0.709064
0.095509,0.215755,0.708794
0.095886,0.216337,0.708526
0.096261,0.216918,0.708259
0.096636,0.217498,0.707992
0.097010,0.218075,0.707726
0.097382,0.218651,0.707461
0.097754,0.219225,0.707196
0.098124,0.219798,0.706933
0.098493,0.220368,0.706670
0.098861,0.220937,0.706408
0.099228,0.221504,0.706147
0.099593,0.222070,0.705886
0.099958,0.222633,0.705627
0.100321,0.223195,0.705368
0.100684,0.223755,0.705110
0.101045,0.224313,0.704853
0.101405,0.224870,0.704597
0.101763,0.225424,0.704342
0.102121,0.225977,0.704087
0.102477,0.226528,0.703833
0.102832,0.227077,0.703580
0.103186,0.227625,0.703328
0.103539,0.228170,0.703077
0.103891,0.228714,0.702827
0.104241,0.229255,0.702577
0.104590,0.229795,0.702329
0.104938,0.230333,0.702081
0.105285,0.230869,0.701834
0.105631,0.231404,0.701588
0.105975,0.231936,0.701343
0.106318,0.232466,0.701099
0.106660,0.232995,0.700855
0.107001,0.233522,0.700613
0.107340,0.234046,0.700371
0.107678,0.234569,0.700131
0.108015,0.235090,0.699891
0.108351,0.235609,0.699652
0.108685,0.236126,0.699414
0.109018,0.236641,0.699177
0.109350,0.237154,0.698940
0.109681,0.237665,0.698705
0.110010,0.238174,0.698471
0.110338,0.238681,0.698237
0.110665,0.239186,0.698004
0.110990,0.239689,0.697773
0.111314,0.240190,0.697542
0.111637,0.240689,0.697312
0.111959,0.241187,0.697083
0.112279,0.241682,0.696855
0.112598,0.242175,0.696628
0.112915,0.242666,0.696402
0.113232,0.243155,0.696177
0.113547,0.243642,0.695952
0.113861,0.244127,0.695729
0.114173,0.244610,0.695507
0.114484,0.245091,0.695285
0.114794,0.245570,0.695065
0.115102,0.246047,0.694845
0.115409,0.246521,0.694627
0.115715,0.246994,0.694409
0.116019,0.247465,0.694192
0.116322,0.247933,0.693976
0.116624,0.248400,0.693762
0.116924,0.248864,0.693548
0.117223,0.249326,0.693335
0.117521,0.249786,0.693123
0.117817,0.250245,0.692912
0.118112,0.250701,0.692702
0.118406,0.251154,0.692493
0.118698,0.251606,0.692285
0.118989,0.252056,0.692078
0.119278,0.252503,0.691872
0.119566,0.252949,0.691667
0.119853,0.253392,0.691463
0.120138,0.253833,0.691260
0.120422,0.254272,0.691057
0.120705,0.254709,0.690856
0.120986,0.255143,0.690656
0.121266,0.255576,0.690457
0.121544,0.256006,0.690259
0.121821,0.256435,0.690062
0.122097,0.256861,0.689865
0.122371,0.257285,0.689670
0.122644,0.257706,0.689476
0.122915,0.258126,0.689283
0.123185,0.258543,0.689091
0.123454,0.258958,0.688899
0.123721,0.259372,0.688709
0.123987,0.259782,0.688520
0.124251,0.260191,0.688332
0.124514,0.260598,0.688145
0.124775,0.261002,0.687958
0.125035,0.261404,0.687773
0.125294,0.261804,0.687589
0.125551,0.262202,0.687406
0.125807,0.262597,0.687224
0.126062,0.262990,0.687043
0.126315,0.263381,0.686863
0.126566,0.263770,0.686684
0.126816,0.264157,0.686505
0.127065,0.264541,0.686328
0.127312,0.264924,0.686152
0.127558,0.265304,0.685977
0.127802,0.265682,0.685803
0.128045,0.266057,0.685630
0.128287,0.266430,0.685459
0.128527,0.266802,0.685288
0.128765,0.267170,0.685118
0.129003,0.267537,0.684949
0.129238,0.267902,0.684781
0.129473,0.268264,0.684614
0.129705,0.268624,0.684449
0.129937,0.268982,0.684284
0.130167,0.269337,0.684120
0.130395,0.269690,0.683957
0.130622,0.270041,0.683796
0.130848,0.270390,0.683635
0.131072,0.270737,0.683475
0.131295,0.271081,0.683317
0.131516,0.271423,0.683159
0.131736,0.271763,0.683003
0.131954,0.272101,0.682847
0.132171,0.272436,0.682693
0.132387,0.272769,0.682540
0.132601,0.273100,0.682387
0.132813,0.273429,0.682236
0.133024,0.273755,0.682086
0.133234,0.274079,0.681936
0.133442,0.274401,0.681788
0.133649,0.274721,0.681641
0.133854,0.275038,0.681495
0.134058,0.275354,0.681350
0.134261,0.275666,0.681205
0.134462,0.275977,0.681062
0.134661,0.276286,0.680920
0.134859,0.276592,0.680779
0.135056,0.276896,0.680639
0.135251,0.277198,0.680500
0.135445,0.277497,0.680362
0.135637,0.277794,0.680226
0.135828,0.278089,0.680090
0.136017,0.278382,0.679955
0.136205,0.278673,0.679821
0.136392,0.278961,0.679688
0.136577,0.279247,0.679557
0.136760,0.279531,0.679426
0.136942,0.279813,0.679296
0.137123,0.280092,0.679168
0.137302,0.280369,0.679040
0.137480,0.280644,0.678913
0.137657,0.280917,0.678788
0.137832,0.281187,0.678663
0.138005,0.281456,0.678540
0.138177,0.281722,0.678417
0.138348,0.281986,0.678296
0.138517,0.282247,0.678175
0.138685,0.282507,0.678056
0.138851,0.282764,0.677937
0.139016,0.283019,0.677820
0.139180,0.283272,0.677703
0.139342,0.283522,0.677588
0.139503,0.283771,0.677473
0.139662,0.284017,0.677360
0.139820,0.284261,0.677248
0.139976,0.284503,0.677136
0.140131,0.284743,0.677026
0.140285,0.284980,0.676917
0.140437,0.285215,0.676808
0.140588,0.285449,0.676701
0.140737,0.285680,0.676594
0.140885,0.285908,0.676489
0.141032,0.286135,0.676385
0.141177,0.286359,0.676281
0.141321,0.286582,0.676179
0.141463,0.286802,0.676078
0.141604,0.287020,0.675977
0.141744,0.287236,0.675878
0.141882,0.287450,0.675779
0.142019,0.287661,0.675682
0.142155,0.287871,0.675585
0.142289,0.288078,0.675490
0.142421,0.288283,0.675395
0.142553,0.288486,0.675302
0.142683,0.288687,0.675209
0.142811,0.288886,0.675118
0.142939,0.289083,0.675027
0.143065,0.289278,0.674938
0.143189,0.289470,0.674849
0.143312,0.289661,0.674761
0.143434,0.289849,0.674674
0.143555,0.290036,0.674589
0.143674,0.290220,0.674504
0.143792,0.290402,0.674420
0.143908,0.290582,0.674337
0.144024,0.290760,0.674255
0.144138,0.290937,0.674174
0.144250,0.291111,0.674094
0.144361,0.291283,0.674014
0.144471,0.291453,0.673936
0.144580,0.291620,0.673859
0.144687,0.291786,0.673782
0.144793,0.291950,0.673707
0.144898,0.292112,0.673632
0.145002,0.292272,0.673559
0.145104,0.292430,0.673486
0.145205,0.292586,0.673414
0.145304,0.292740,0.673343
0.145403,0.292892,0.673273
0.145500,0.293042,0.673204
0.145595,0.293190,0.673136
0.145690,0.293336,0.673069
0.145783,0.293481,0.673002
0.145875,0.293623,0.672937
0.145966,0.293763,0.672872
0.146056,0.293902,0.672808
0.146144,0.294038,0.672745
0.146231,0.294173,0.672683
0.146317,0.294306,0.672622
0.146402,0.294437,0.672562
0.146485,0.294566,0.672502
0.146567,0.294693,0.672444
0.146648,0.294818,0.672386
0.146728,0.294942,0.672329
0.146807,0.295064,0.672273
0.146885,0.295183,0.672218
0.146961,0.295301,0.672164
0.147036,0.295418,0.672110
0.147110,0.295532,0.672058
0.147183,0.295645,0.672006
0.147254,0.295755,0.671955
0.147325,0.295864,0.671904
0.147394,0.295972,0.671855
0.147463,0.296077,0.671806
0.147530,0.296181,0.671759
0.147596,0.296283,0.671712
0.147661,0.296383,0.671665
0.147725,0.296482,0.671620
0.147787,0.296579,0.671575
0.147849,0.296674,0.671531
0.147909,0.296768,0.671488
0.147969,0.296860,0.671446
0.148027,0.296950,0.671404
0.148085,0.297039,0.671364
0.148141,0.297126,0.671324
0.148196,0.297211,0.671284
0.148250,0.297295,0.671246
0.148303,0.297377,0.671208
0.148355,0.297457,0.671171
0.148406,0.297536,0.671135
0.148457,0.297614,0.671099
0.148506,0.297690,0.671064
0.148554,0.297764,0.671030
0.148601,0.297837,0.670996
0.148647,0.297908,0.670963
0.148692,0.297978,0.670931
0.148736,0.298046,0.670900
0.148779,0.298113,0.670869
0.148821,0.298178,0.670839
0.148863,0.298242,0.670810
0.148903,0.298304,0.670781
0.148943,0.298365,0.670753
0.148981,0.298425,0.670725
0.149019,0.298483,0.670699
0.149056,0.298540,0.670672
0.149091,0.298595,0.670647
0.149126,0.298649,0.670622
0.149160,0.298702,0.670598
0.149194,0.298753,0.670574
0.149226,0.298803,0.670551
0.149258,0.298852,0.670529
0.149288,0.298900,0.670507
0.149318,0.298946,0.670485
0.149347,0.298991,0.670465
0.149375,0.299034,0.670445
0.149403,0.299077,0.670425
0.149430,0.299118,0.670406
0.149455,0.299158,0.670388
0.149481,0.299197,0.670370
0.149505,0.299235,0.670352
0.149528,0.299271,0.670336
0.149551,0.299306,0.670319
0.149573,0.299341,0.670304
0.149595,0.299374,0.670288
0.149616,0.299406,0.670274
0.149636,0.299437,0.670259
0.149655,0.299467,0.670246
0.149674,0.299495,0.670232
0.149692,0.299523,0.670220
0.149709,0.299550,0.670207
0.149726,0.299576,0.670195
0.149742,0.299601,0.670184
0.149757,0.299625,0.670173
0.149772,0.299647,0.670162
0.149786,0.299669,0.670152
0.149800,0.299691,0.670143
0.149813,0.299711,0.670133
0.149825,0.299730,0.670124
0.149837,0.299748,0.670116
0.149849,0.299766,0.670108
0.149860,0.299783,0.670100
0.149870,0.299799,0.670093
0.149880,0.299814,0.670086
0.149889,0.299828,0.670079
0.149898,0.299842,0.670073
0.149906,0.299855,0.670067
0.149914,0.299867,0.670061
0.149922,0.299879,0.670056
0.149929,0.299890,0.670051
0.149935,0.299900,0.670046
0.149941,0.299909,0.670042
0.149947,0.299918,0.670038
0.149953,0.299927,0.670034
0.149958,0.299934,0.670030
0.149962,0.299942,0.670027
0.149966,0.299948,0.670024
0.149970,0.299954,0.670021
0.149974,0.299960,0.670018
0.149977,0.299965,0.670016
0.149980,0.299970,0.670014
0.149983,0.299974,0.670012
0.149986,0.299978,0.670010
0.149988,0.299981,0.670009
0.149990,0.299984,0.670007
0.149992,0.299987,0.670006
0.149993,0.299990,0.670005
0.149995,0.299992,0.670004
0.149996,0.299993,0.670003
0.149997,0.299995,0.670002
0.149998,0.299996,0.670002
0.149998,0.299997,0.670001
0.149999,0.299998,0.670001
0.149999,0.299999,0.670001
0.149999,0.299999,0.670000
0.150000,0.300000,0.670000
0.150000,0.300000,0.670000
0.150000,0.300000,0.670000
0.150000,0.300000,0.670000
0.150000,0.300000,0.670000
