x,y,z
-0.147082,0.299430,0.669984
-0.147082,0.299430,0.669984
-0.147082,0.299430,0.669984
-0.147082,0.299430,0.669984
-0.147082,0.299430,0.669984
-0.147082,0.299430,0.669984
-0.147083,0.299430,0.669984
-0.147083,0.299430,0.669984
-0.147083,0.299430,0.669984
-0.147083,0.299430,0.669984
-0.147083,0.299430,0.669984
-0.147083,0.299430,0.669984
-0.147083,0.299430,0.669984
-0.147084,0.299430,0.669984
-0.147084,0.299430,0.669984
-0.147084,0.299430,0.669984
-0.147085,0.299430,0.669984
-0.147085,0.299430,0.669984
-0.147086,0.299430,0.669984
-0.147086,0.299430,0.669984
-0.147087,0.299430,0.669984
-0.147088,0.299430,0.669984
-0.147089,0.299430,0.669984
-0.147090,0.299430,0.669984
-0.147091,0.299430,0.669984
-0.147092,0.299430,0.669984
-0.147093,0.299430,0.669984
-0.147094,0.299430,0.669984
-0.147095,0.299430,0.669984
-0.147097,0.299430,0.669984
-0.147098,0.299430,0.669984
-0.147100,0.299430,0.669984
-0.147101,0.299430,0.669984
-0.147103,0.299430,0.669984
-0.147105,0.299430,0.669984
-0.147107,0.299430,0.669984
-0.147109,0.299430,0.669984
-0.147112,0.299430,0.669984
-0.147114,0.299430,0.669984
-0.147117,0.299430,0.669984
-0.147119,0.299430,0.669984
-0.147122,0.299430,0.669984
-0.147125,0.299430,0.669984
-0.147128,0.299430,0.669984
-0.147131,0.299430,0.669984
-0.147135,0.299430,0.669984
-0.147138,0.299430,0.669984
-0.147142,0.299430,0.669984
-0.147146,0.299430,0.669984
-0.147150,0.299430,0.669984
-0.147154,0.299430,0.669984
-0.147158,0.299430,0.669984
-0.147163,0.299430,0.669984
-0.147167,0.299430,0.669984
-0.147172,0.299430,0.669984
-0.147177,0.299430,0.669984
-0.147182,0.299430,0.669984
-0.147187,0.299430,0.669984
-0.147193,0.299430,0.669984
-0.147199,0.299430,0.669984
-0.147205,0.299430,0.669984
-0.147211,0.299430,0.669984
-0.147217,0.299430,0.669984
-0.147223,0.299430,0.669984
-0.147230,0.299430,0.669984
-0.147237,0.299430,0.669984
-0.147244,0.299430,0.669984
-0.147251,0.299430,0.669984
-0.147259,0.299430,0.669984
-0.147267,0.299430,0.669984
-0.147274,0.299430,0.669984
-0.147283,0.299430,0.669984
-0.147291,0.299430,0.669984
-0.147300,0.299430,0.669984
-0.147308,0.299430,0.669984
-0.147317,0.299430,0.669984
-0.147327,0.299430,0.669984
-0.147336,0.299431,0.669984
-0.147346,0.299431,0.669984
-0.147356,0.299431,0.669984
-0.147366,0.299431,0.669984
-0.147377,0.299431,0.669984
-0.147387,0.299431,0.669984
-0.147398,0.299431,0.669984
-0.147409,0.299431,0.669984
-0.147421,0.299431,0.669984
-0.147433,0.299431,0.669984
-0.147445,0.299431,0.669984
-0.147457,0.299431,0.669984
-0.147469,0.299431,0.669984
-0.147482,0.299431,0.669984
-0.147495,0.299431,0.669984
-0.147509,0.299431,0.669984
-0.147522,0.299431,0.669984
-0.147536,0.299431,0.669984
-0.147550,0.299431,0.669984
-0.147565,0.299431,0.669984
-0.147579,0.299431,0.669984
-0.147594,0.299431,0.669984
-0.147610,0.299431,0.669984
-0.147625,0.299431,0.669984
-0.147641,0.299431,0.669984
-0.147657,0.299431,0.669984
-0.147674,0.299431,0.669984
-0.147690,0.299432,0.669984
-0.147707,0.299432,0.669984
-0.147725,0.299432,0.669984
-0.147742,0.299432,0.669984
-0.147760,0.299432,0.669984
-0.147779,0.299432,0.669984
-0.147797,0.299432,0.669984
-0.147816,0.299432,0.669984
-0.147835,0.299432,0.669984
-0.147855,0.299432,0.669984
-0.147875,0.299432,0.669984
-0.147895,0.299432,0.669984
-0.147915,0.299432,0.669984
-0.147936,0.299432,0.669984
-0.147957,0.299432,0.669984
-0.147979,0.299432,0.669984
-0.148001,0.299432,0.669984
-0.148023,0.299432,0.669984
-0.148045,0.299433,0.669984
-0.148068,0.299433,0.669984
-0.148091,0.299433,0.669984
-0.148115,0.299433,0.669984
-0.148139,0.299433,0.669984
-0.148163,0.299433,0.669984
-0.148187,0.299433,0.669984
-0.148212,0.299433,0.669984
-0.148238,0.299433,0.669984
-0.148263,0.299433,0.669984
-0.148289,0.299433,0.669984
-0.148315,0.299433,0.669984
-0.148342,0.299433,0.669984
-0.148369,0.299433,0.669984
-0.148397,0.299433,0.669984
-0.148424,0.299434,0.669984
-0.148452,0.299434,0.669984
-0.148481,0.299434,0.669984
-0.148510,0.299434,0.669984
-0.148539,0.299434,0.669984
-0.148569,0.299434,0.669984
-0.148599,0.299434,0.669984
-0.148629,0.299434,0.669984
-0.148660,0.299434,0.669984
-0.148691,0.299434,0.669984
-0.148722,0.299434,0.669984
-0.148754,0.299434,0.669984
-0.148787,0.299435,0.669984
-0.148819,0.299435,0.669984
-0.148852,0.299435,0.669984
-0.148886,0.299435,0.669984
-0.148920,0.299435,0.669984
-0.148954,0.299435,0.669984
-0.148989,0.299435,0.669984
-0.149024,0.299435,0.669984
-0.149059,0.299435,0.669984
-0.149095,0.299435,0.669984
-0.149131,0.299436,0.669984
-0.149168,0.299436,0.669984
-0.149205,0.299436,0.669984
-0.149242,0.299436,0.669984
-0.149280,0.299436,0.669984
-0.149319,0.299436,0.669984
-0.149357,0.299436,0.669984
-0.149396,0.299436,0.669984
-0.149436,0.299436,0.669984
-0.149476,0.299437,0.669984
-0.149516,0.299437,0.669984
-0.149557,0.299437,0.669984
-0.149598,0.299437,0.669984
-0.149640,0.299437,0.669984
-0.149682,0.299437,0.669984
-0.149724,0.299437,0.669984
-0.149767,0.299437,0.669984
-0.149810,0.299437,0.669984
-0.149854,0.299438,0.669984
-0.149898,0.299438,0.669984
-0.149943,0.299438,0.669984
-0.149988,0.299438,0.669984
-0.150033,0.299438,0.669984
-0.150079,0.299438,0.669984
-0.150126,0.299438,0.669984
-0.150172,0.299438,0.669984
-0.150220,0.299439,0.669984
-0.150267,0.299439,0.669984
-0.150315,0.299439,0.669984
-0.150364,0.299439,0.669984
-0.150413,0.299439,0.669984
-0.150462,0.299439,0.669984
-0.150512,0.299439,0.669984
-0.150563,0.299440,0.669984
-0.150613,0.299440,0.669984
-0.150665,0.299440,0.669984
-0.150716,0.299440,0.669984
-0.150769,0.299440,0.669984
-0.150821,0.299440,0.669984
-0.150874,0.299440,0.669984
-0.150928,0.299441,0.669984
-0.150982,0.299441,0.669984
-0.151036,0.299441,0.669984
-0.151091,0.299441,0.669984
-0.151146,0.299441,0.669984
-0.151202,0.299441,0.669984
-0.151258,0.299442,0.669984
-0.151315,0.299442,0.669984
-0.151372,0.299442,0.669984
-0.151430,0.299442,0.669984
-0.151488,0.299442,0.669984
-0.151547,0.299442,0.669984
-0.151606,0.299443,0.669984
-0.151665,0.299443,0.669984
-0.151725,0.299443,0.669984
-0.151786,0.299443,0.669984
-0.151847,0.299443,0.669984
-0.151908,0.299443,0.669984
-0.151970,0.299444,0.669984
-0.152032,0.299444,0.669984
-0.152095,0.299444,0.669984
-0.152159,0.299444,0.669984
-0.152222,0.299444,0.669984
-0.152287,0.299444,0.669984
-0.152351,0.299445,0.669984
-0.152417,0.299445,0.669984
-0.152482,0.299445,0.669984
-0.152549,0.299445,0.669984
-0.152615,0.299445,0.669984
-0.152683,0.299446,0.669984
-0.152750,0.299446,0.669984
-0.152818,0.299446,0.669984
-0.152887,0.299446,0.669984
-0.152956,0.299446,0.669984
-0.153026,0.299446,0.669984
-0.153096,0.299447,0.669984
-0.153166,0.299447,0.669984
-0.153238,0.299447,0.669984
-0.153309,0.299447,0.669984
-0.153381,0.299447,0.669984
-0.153454,0.299448,0.669984
-0.153527,0.299448,0.669984
-0.153600,0.299448,0.669984
-0.153674,0.299448,0.669984
-0.153749,0.299449,0.669984
-0.153824,0.299449,0.669984
-0.153900,0.299449,0.669984
-0.153976,0.299449,0.669984
-0.154052,0.299449,0.669984
-0.154129,0.299450,0.669984
-0.154207,0.299450,0.669984
-0.154285,0.299450,0.669984
-0.154363,0.299450,0.669984
-0.154442,0.299450,0.669984
-0.154522,0.299451,0.669984
-0.154602,0.299451,0.669984
-0.154682,0.299451,0.669984
-0.154763,0.299451,0.669984
-0.154845,0.299452,0.669984
-0.154927,0.299452,0.669984
-0.155010,0.299452,0.669984
-0.155093,0.299452,0.669984
-0.155176,0.299453,0.669984
-0.155260,0.299453,0.669984
-0.155345,0.299453,0.669984
-0.155430,0.299453,0.669984
-0.155516,0.299453,0.669984
-0.155602,0.299454,0.669985
-0.155688,0.299454,0.669985
-0.155776,0.299454,0.669985
-0.155863,0.299454,0.669985
-0.155951,0.299455,0.669985
-0.156040,0.299455,0.669985
-0.156129,0.299455,0.669985
-0.156219,0.299455,0.669985
-0.156309,0.299456,0.669985
-0.156400,0.299456,0.669985
-0.156491,0.299456,0.669985
-0.156583,0.299456,0.669985
-0.156675,0.299457,0.669985
-0.156768,0.299457,0.669985
-0.156861,0.299457,0.669985
-0.156955,0.299458,0.669985
-0.157049,0.299458,0.669985
-0.157144,0.299458,0.669985
-0.157239,0.299458,0.669985
-0.157335,0.299459,0.669985
-0.157432,0.299459,0.669985
-0.157529,0.299459,0.669985
-0.157626,0.299459,0.669985
-0.157724,0.299460,0.669985
-0.157822,0.299460,0.669985
-0.157921,0.299460,0.669985
-0.158021,0.299461,0.669985
-0.158121,0.299461,0.669985
-0.158221,0.299461,0.669985
-0.158322,0.299461,0.669985
-0.158424,0.299462,0.669985
-0.158526,0.299462,0.669985
-0.158629,0.299462,0.669985
-0.158732,0.299463,0.669985
-0.158835,0.299463,0.669985
-0.158940,0.299463,0.669985
-0.159044,0.299463,0.669985
-0.159149,0.299464,0.669985
-0.159255,0.299464,0.669985
-0.159361,0.299464,0.669985
-0.159468,0.299465,0.669985
-0.159575,0.299465,0.669985
-0.159683,0.299465,0.669985
-0.159791,0.299466,0.669985
-0.159900,0.299466,0.669985
-0.160010,0.299466,0.669985
-0.160120,0.299466,0.669985
-0.160230,0.299467,0.669985
-0.160341,0.299467,0.669985
-0.160452,0.299467,0.669985
-0.160564,0.299468,0.669985
-0.160677,0.299468,0.669985
-0.160790,0.299468,0.669985
-0.160903,0.299469,0.669985
-0.161017,0.299469,0.669985
-0.161132,0.299469,0.669985
-0.161247,0.299470,0.669985
-0.161363,0.299470,0.669985
-0.161479,0.299470,0.669985
-0.161595,0.299471,0.669985
-0.161712,0.299471,0.669985
-0.161830,0.299471,0.669985
-0.161948,0.299472,0.669985
-0.162067,0.299472,0.669985
-0.162186,0.299472,0.669985
-0.162306,0.299473,0.669985
-0.162426,0.299473,0.669985
-0.162547,0.299473,0.669985
-0.162668,0.299474,0.669985
-0.162790,0.299474,0.669985
-0.162913,0.299474,0.669985
-0.163036,0.299475,0.669985
-0.163159,0.299475,0.669985
-0.163283,0.299475,0.669985
-0.163407,0.299476,0.669985
-0.163532,0.299476,0.669985
-0.163658,0.299476,0.669985
-0.163784,0.299477,0.669985
-0.163910,0.299477,0.669985
-0.164037,0.299477,0.669985
-0.164165,0.299478,0.669985
-0.164293,0.299478,0.669985
-0.164421,0.299479,0.669985
-0.164551,0.299479,0.669985
-0.164680,0.299479,0.669985
-0.164810,0.299480,0.669985
-0.164941,0.299480,0.669985
-0.165072,0.299480,0.669985
-0.165204,0.299481,0.669985
-0.165336,0.299481,0.669985
-0.165469,0.299481,0.669985
-0.165602,0.299482,0.669985
-0.165736,0.299482,0.669985
-0.165870,0.299483,0.669985
-0.166005,0.299483,0.669985
-0.166140,0.299483,0.669985
-0.166276,0.299484,0.669985
-0.166412,0.299484,0.669985
-0.166549,0.299484,0.669985
-0.166686,0.299485,0.669985
-0.166824,0.299485,0.669985
-0.166962,0.299486,0.669985
-0.167101,0.299486,0.669985
-0.167241,0.299486,0.669985
-0.167381,0.299487,0.669985
-0.167521,0.299487,0.669985
-0.167662,0.299488,0.669985
-0.167803,0.299488,0.669985
-0.167945,0.299488,0.669985
-0.168088,0.299489,0.669986
-0.168230,0.299489,0.669986
-0.168374,0.299490,0.669986
-0.168518,0.299490,0.669986
-0.168662,0.299490,0.669986
-0.168807,0.299491,0.669986
-0.168953,0.299491,0.669986
-0.169099,0.299492,0.669986
-0.169245,0.299492,0.669986
-0.169392,0.299492,0.669986
-0.169540,0.299493,0.669986
-0.169688,0.299493,0.669986
-0.169836,0.299494,0.669986
-0.169985,0.299494,0.669986
-0.170135,0.299495,0.669986
-0.170284,0.299495,0.669986
-0.170435,0.299495,0.669986
-0.170586,0.299496,0.669986
-0.170737,0.299496,0.669986
-0.170889,0.299497,0.669986
-0.171042,0.299497,0.669986
-0.171195,0.299498,0.669986
-0.171348,0.299498,0.669986
-0.171502,0.299498,0.669986
-0.171657,0.299499,0.669986
-0.171812,0.299499,0.669986
-0.171967,0.299500,0.669986
-0.172123,0.299500,0.669986
-0.172280,0.299501,0.669986
-0.172436,0.299501,0.669986
-0.172594,0.299501,0.669986
-0.172752,0.299502,0.669986
-0.172910,0.299502,0.669986
-0.173069,0.299503,0.669986
-0.173228,0.299503,0.669986
-0.173388,0.299504,0.669986
-0.173549,0.299504,0.669986
-0.173709,0.299505,0.669986
-0.173871,0.299505,0.669986
-0.174033,0.299506,0.669986
-0.174195,0.299506,0.669986
-0.174358,0.299506,0.669986
-0.174521,0.299507,0.669986
-0.174685,0.299507,0.669986
-0.174849,0.299508,0.669986
-0.175014,0.299508,0.669986
-0.175179,0.299509,0.669986
-0.175344,0.299509,0.669986
-0.175511,0.299510,0.669986
-0.175677,0.299510,0.669986
-0.175844,0.299511,0.669986
-0.176012,0.299511,0.669986
-0.176180,0.299512,0.669986
-0.176348,0.299512,0.669986
-0.176517,0.299513,0.669986
-0.176687,0.299513,0.669986
-0.176857,0.299513,0.669986
-0.177027,0.299514,0.669986
-0.177198,0.299514,0.669986
-0.177369,0.299515,0.669986
-0.177541,0.299515,0.669986
-0.177714,0.299516,0.669986
-0.177886,0.299516,0.669986
-0.178060,0.299517,0.669986
-0.178233,0.299517,0.669986
-0.178407,0.299518,0.669986
-0.178582,0.299518,0.669986
-0.178757,0.299519,0.669986
-0.178933,0.299519,0.669986
-0.179109,0.299520,0.669986
-0.179285,0.299520,0.669986
-0.179462,0.299521,0.669986
-0.179639,0.299521,0.669986
-0.179817,0.299522,0.669986
-0.179995,0.299522,0.669986
-0.180174,0.299523,0.669986
-0.180353,0.299523,0.669986
-0.180533,0.299524,0.669986
-0.180713,0.299524,0.669987
-0.180894,0.299525,0.669987
-0.181075,0.299525,0.669987
-0.181256,0.299526,0.669987
-0.181438,0.299526,0.669987
-0.181620,0.299527,0.669987
-0.181803,0.299527,0.669987
-0.181986,0.299528,0.669987
-0.182170,0.299528,0.669987
-0.182354,0.299529,0.669987
-0.182539,0.299529,0.669987
-0.182724,0.299530,0.669987
-0.182909,0.299530,0.669987
-0.183095,0.299531,0.669987
-0.183282,0.299532,0.669987
-0.183468,0.299532,0.669987
-0.183656,0.299533,0.669987
-0.183843,0.299533,0.669987
-0.184031,0.299534,0.669987
-0.184220,0.299534,0.669987
-0.184409,0.299535,0.669987
-0.184598,0.299535,0.669987
-0.184788,0.299536,0.669987
-0.184978,0.299536,0.669987
-0.185169,0.299537,0.669987
-0.185360,0.299537,0.669987
-0.185552,0.299538,0.669987
-0.185744,0.299538,0.669987
-0.185936,0.299539,0.669987
-0.186129,0.299540,0.669987
-0.186322,0.299540,0.669987
-0.186516,0.299541,0.669987
-0.186710,0.299541,0.669987
-0.186904,0.299542,0.669987
-0.187099,0.299542,0.669987
-0.187294,0.299543,0.669987
-0.187490,0.299543,0.669987
-0.187686,0.299544,0.669987
-0.187883,0.299544,0.669987
-0.188080,0.299545,0.669987
-0.188277,0.299546,0.669987
-0.188475,0.299546,0.669987
-0.188673,0.299547,0.669987
-0.188872,0.299547,0.669987
-0.189071,0.299548,0.669987
-0.189270,0.299548,0.669987
-0.189470,0.299549,0.669987
-0.189670,0.299549,0.669987
-0.189871,0.299550,0.669987
-0.190072,0.299551,0.669987
-0.190273,0.299551,0.669987
-0.190475,0.299552,0.669987
-0.190677,0.299552,0.669987
-0.190880,0.299553,0.669987
-0.191083,0.299553,0.669987
-0.191286,0.299554,0.669987
-0.191490,0.299555,0.669987
-0.191694,0.299555,0.669987
-0.191899,0.299556,0.669987
-0.192103,0.299556,0.669987
-0.192309,0.299557,0.669987
-0.192515,0.299557,0.669987
-0.192721,0.299558,0.669987
-0.192927,0.299559,0.669987
-0.193134,0.299559,0.669987
-0.193341,0.299560,0.669988
-0.193549,0.299560,0.669988
-0.193757,0.299561,0.669988
-0.193965,0.299562,0.669988
-0.194174,0.299562,0.669988
-0.194383,0.299563,0.669988
-0.194593,0.299563,0.669988
-0.194802,0.299564,0.669988
-0.195013,0.299564,0.669988
-0.195223,0.299565,0.669988
-0.195434,0.299566,0.669988
-0.195646,0.299566,0.669988
-0.195857,0.299567,0.669988
-0.196069,0.299567,0.669988
-0.196282,0.299568,0.669988
-0.196494,0.299569,0.669988
-0.196708,0.299569,0.669988
-0.196921,0.299570,0.669988
-0.197135,0.299570,0.669988
-0.197349,0.299571,0.669988
-0.197564,0.299572,0.669988
-0.197779,0.299572,0.669988
-0.197994,0.299573,0.669988
-0.198209,0.299573,0.669988
-0.198425,0.299574,0.669988
-0.198642,0.299575,0.669988
-0.198858,0.299575,0.669988
-0.199075,0.299576,0.669988
-0.199293,0.299577,0.669988
-0.199510,0.299577,0.669988
-0.199728,0.299578,0.669988
-0.199947,0.299578,0.669988
-0.200165,0.299579,0.669988
-0.200384,0.299580,0.669988
-0.200604,0.299580,0.669988
-0.200824,0.299581,0.669988
-0.201044,0.299581,0.669988
-0.201264,0.299582,0.669988
-0.201485,0.299583,0.669988
-0.201706,0.299583,0.669988
-0.201927,0.299584,0.669988
-0.202149,0.299585,0.669988
-0.202371,0.299585,0.669988
-0.202593,0.299586,0.669988
-0.202815,0.299586,0.669988
-0.203038,0.299587,0.669988
-0.203262,0.299588,0.669988
-0.203485,0.299588,0.669988
-0.203709,0.299589,0.669988
-0.203933,0.299590,0.669988
-0.204158,0.299590,0.669988
-0.204383,0.299591,0.669988
-0.204608,0.299591,0.669988
-0.204833,0.299592,0.669988
-0.205059,0.299593,0.669988
-0.205285,0.299593,0.669988
-0.205511,0.299594,0.669988
-0.205738,0.299595,0.669989
-0.205965,0.299595,0.669989
-0.206192,0.299596,0.669989
-0.206419,0.299597,0.669989
-0.206647,0.299597,0.669989
-0.206875,0.299598,0.669989
-0.207104,0.299598,0.669989
-0.207332,0.299599,0.669989
-0.207561,0.299600,0.669989
-0.207791,0.299600,0.669989
-0.208020,0.299601,0.669989
-0.208250,0.299602,0.669989
-0.208480,0.299602,0.669989
-0.208711,0.299603,0.669989
-0.208941,0.299604,0.669989
-0.209172,0.299604,0.669989
-0.209403,0.299605,0.669989
-0.209635,0.299606,0.669989
-0.209867,0.299606,0.669989
-0.210099,0.299607,0.669989
-0.210331,0.299608,0.669989
-0.210564,0.299608,0.669989
-0.210796,0.299609,0.669989
-0.211030,0.299609,0.669989
-0.211263,0.299610,0.669989
-0.211497,0.299611,0.669989
-0.211730,0.299611,0.669989
-0.211965,0.299612,0.669989
-0.212199,0.299613,0.669989
-0.212434,0.299613,0.669989
-0.212669,0.299614,0.669989
-0.212904,0.299615,0.669989
-0.213139,0.299615,0.669989
-0.213375,0.299616,0.669989
-0.213611,0.299617,0.669989
-0.213847,0.299617,0.669989
-0.214083,0.299618,0.669989
-0.214320,0.299619,0.669989
-0.214557,0.299619,0.669989
-0.214794,0.299620,0.669989
-0.215031,0.299621,0.669989
-0.215269,0.299621,0.669989
-0.215507,0.299622,0.669989
-0.215745,0.299623,0.669989
-0.215983,0.299623,0.669989
-0.216222,0.299624,0.669989
-0.216460,0.299625,0.669989
-0.216699,0.299625,0.669989
-0.216939,0.299626,0.669989
-0.217178,0.299627,0.669989
-0.217418,0.299627,0.669989
-0.217657,0.299628,0.669989
-0.217898,0.299629,0.669989
-0.218138,0.299629,0.669989
-0.218378,0.299630,0.669990
-0.218619,0.299631,0.669990
-0.218860,0.299631,0.669990
-0.219101,0.299632,0.669990
-0.219342,0.299633,0.669990
-0.219584,0.299634,0.669990
-0.219826,0.299634,0.669990
-0.220068,0.299635,0.669990
-0.220310,0.299636,0.669990
-0.220552,0.299636,0.669990
-0.220795,0.299637,0.669990
-0.221038,0.299638,0.669990
-0.221281,0.299638,0.669990
-0.221524,0.299639,0.669990
-0.221767,0.299640,0.669990
-0.222011,0.299640,0.669990
-0.222254,0.299641,0.669990
-0.222498,0.299642,0.669990
-0.222742,0.299642,0.669990
-0.222986,0.299643,0.669990
-0.223231,0.299644,0.669990
-0.223476,0.299644,0.669990
-0.223720,0.299645,0.669990
-0.223965,0.299646,0.669990
-0.224210,0.299647,0.669990
-0.224456,0.299647,0.669990
-0.224701,0.299648,0.669990
-0.224947,0.299649,0.669990
-0.225193,0.299649,0.669990
-0.225439,0.299650,0.669990
-0.225685,0.299651,0.669990
-0.225931,0.299651,0.669990
-0.226178,0.299652,0.669990
-0.226424,0.299653,0.669990
-0.226671,0.299653,0.669990
-0.226918,0.299654,0.669990
-0.227165,0.299655,0.669990
-0.227412,0.299656,0.669990
-0.227660,0.299656,0.669990
-0.227907,0.299657,0.669990
-0.228155,0.299658,0.669990
-0.228403,0.299658,0.669990
-0.228651,0.299659,0.669990
-0.228899,0.299660,0.669990
-0.229147,0.299660,0.669990
-0.229396,0.299661,0.669990
-0.229644,0.299662,0.669990
-0.229893,0.299662,0.669990
-0.230142,0.299663,0.669990
-0.230391,0.299664,0.669990
-0.230640,0.299665,0.669990
-0.230889,0.299665,0.669991
-0.231138,0.299666,0.669991
-0.231387,0.299667,0.669991
-0.231637,0.299667,0.669991
-0.231887,0.299668,0.669991
-0.232137,0.299669,0.669991
-0.232386,0.299670,0.669991
-0.232636,0.299670,0.669991
-0.232887,0.299671,0.669991
-0.233137,0.299672,0.669991
-0.233387,0.299672,0.669991
-0.233638,0.299673,0.669991
-0.233888,0.299674,0.669991
-0.234139,0.299674,0.669991
-0.234390,0.299675,0.669991
-0.234641,0.299676,0.669991
-0.234892,0.299677,0.669991
-0.235143,0.299677,0.669991
-0.235394,0.299678,0.669991
-0.235645,0.299679,0.669991
-0.235896,0.299679,0.669991
-0.236148,0.299680,0.669991
-0.236399,0.299681,0.669991
-0.236651,0.299681,0.669991
-0.236903,0.299682,0.669991
-0.237154,0.299683,0.669991
-0.237406,0.299684,0.669991
-0.237658,0.299684,0.669991
-0.237910,0.299685,0.669991
-0.238162,0.299686,0.669991
-0.238415,0.299686,0.669991
-0.238667,0.299687,0.669991
-0.238919,0.299688,0.669991
-0.239171,0.299689,0.669991
-0.239424,0.299689,0.669991
-0.239676,0.299690,0.669991
-0.239929,0.299691,0.669991
-0.240182,0.299691,0.669991
-0.240434,0.299692,0.669991
-0.240687,0.299693,0.669991
-0.240940,0.299694,0.669991
-0.241193,0.299694,0.669991
-0.241446,0.299695,0.669991
-0.241699,0.299696,0.669991
-0.241952,0.299696,0.669991
-0.242205,0.299697,0.669991
-0.242458,0.299698,0.669991
-0.242711,0.299699,0.669991
-0.242964,0.299699,0.669991
-0.243217,0.299700,0.669991
-0.243471,0.299701,0.669992
-0.243724,0.299701,0.669992
-0.243977,0.299702,0.669992
-0.244231,0.299703,0.669992
-0.244484,0.299703,0.669992
-0.244738,0.299704,0.669992
-0.244991,0.299705,0.669992
-0.245244,0.299706,0.669992
-0.245498,0.299706,0.669992
-0.245751,0.299707,0.669992
-0.246005,0.299708,0.669992
-0.246259,0.299708,0.669992
-0.246512,0.299709,0.669992
-0.246766,0.299710,0.669992
-0.247019,0.299711,0.669992
-0.247273,0.299711,0.669992
-0.247527,0.299712,0.669992
-0.247780,0.299713,0.669992
-0.248034,0.299713,0.669992
-0.248288,0.299714,0.669992
-0.248541,0.299715,0.669992
-0.248795,0.299716,0.669992
-0.249048,0.299716,0.669992
-0.249302,0.299717,0.669992
-0.249556,0.299718,0.669992
-0.249809,0.299718,0.669992
-0.250063,0.299719,0.669992
-0.250317,0.299720,0.669992
-0.250570,0.299721,0.669992
-0.250824,0.299721,0.669992
-0.251077,0.299722,0.669992
-0.251331,0.299723,0.669992
-0.251584,0.299723,0.669992
-0.251838,0.299724,0.669992
-0.252091,0.299725,0.669992
-0.252345,0.299726,0.669992
-0.252598,0.299726,0.669992
-0.252852,0.299727,0.669992
-0.253105,0.299728,0.669992
-0.253358,0.299728,0.669992
-0.253612,0.299729,0.669992
-0.253865,0.299730,0.669992
-0.254118,0.299731,0.669992
-0.254371,0.299731,0.669992
-0.254625,0.299732,0.669992
-0.254878,0.299733,0.669992
-0.255131,0.299733,0.669992
-0.255384,0.299734,0.669992
-0.255637,0.299735,0.669992
-0.255890,0.299736,0.669992
-0.256142,0.299736,0.669993
-0.256395,0.299737,0.669993
-0.256648,0.299738,0.669993
-0.256901,0.299738,0.669993
-0.257153,0.299739,0.669993
-0.257406,0.299740,0.669993
-0.257658,0.299741,0.669993
-0.257911,0.299741,0.669993
-0.258163,0.299742,0.669993
-0.258416,0.299743,0.669993
-0.258668,0.299743,0.669993
-0.258920,0.299744,0.669993
-0.259172,0.299745,0.669993
-0.259424,0.299745,0.669993
-0.259676,0.299746,0.669993
-0.259928,0.299747,0.669993
-0.260180,0.299748,0.669993
-0.260431,0.299748,0.669993
-0.260683,0.299749,0.669993
-0.260935,0.299750,0.669993
-0.261186,0.299750,0.669993
-0.261437,0.299751,0.669993
-0.261689,0.299752,0.669993
-0.261940,0.299753,0.669993
-0.262191,0.299753,0.669993
-0.262442,0.299754,0.669993
-0.262693,0.299755,0.669993
-0.262943,0.299755,0.669993
-0.263194,0.299756,0.669993
-0.263445,0.299757,0.669993
-0.263695,0.299757,0.669993
-0.263946,0.299758,0.669993
-0.264196,0.299759,0.669993
-0.264446,0.299760,0.669993
-0.264696,0.299760,0.669993
-0.264946,0.299761,0.669993
-0.265196,0.299762,0.669993
-0.265445,0.299762,0.669993
-0.265695,0.299763,0.669993
-0.265944,0.299764,0.669993
-0.266194,0.299765,0.669993
-0.266443,0.299765,0.669993
-0.266692,0.299766,0.669993
-0.266941,0.299767,0.669993
-0.267190,0.299767,0.669993
-0.267438,0.299768,0.669993
-0.267687,0.299769,0.669993
-0.267935,0.299769,0.669993
-0.268183,0.299770,0.669993
-0.268432,0.299771,0.669993
-0.268680,0.299771,0.669994
-0.268927,0.299772,0.669994
-0.269175,0.299773,0.669994
-0.269423,0.299774,0.669994
-0.269670,0.299774,0.669994
-0.269917,0.299775,0.669994
-0.270164,0.299776,0.669994
-0.270411,0.299776,0.669994
-0.270658,0.299777,0.669994
-0.270905,0.299778,0.669994
-0.271151,0.299778,0.669994
-0.271398,0.299779,0.669994
-0.271644,0.299780,0.669994
-0.271890,0.299781,0.669994
-0.272136,0.299781,0.669994
-0.272381,0.299782,0.669994
-0.272627,0.299783,0.669994
-0.272872,0.299783,0.669994
-0.273117,0.299784,0.669994
-0.273362,0.299785,0.669994
-0.273607,0.299785,0.669994
-0.273852,0.299786,0.669994
-0.274096,0.299787,0.669994
-0.274340,0.299787,0.669994
-0.274584,0.299788,0.669994
-0.274828,0.299789,0.669994
-0.275072,0.299789,0.669994
-0.275315,0.299790,0.669994
-0.275559,0.299791,0.669994
-0.275802,0.299792,0.669994
-0.276045,0.299792,0.669994
-0.276288,0.299793,0.669994
-0.276530,0.299794,0.669994
-0.276773,0.299794,0.669994
-0.277015,0.299795,0.669994
-0.277257,0.299796,0.669994
-0.277498,0.299796,0.669994
-0.277740,0.299797,0.669994
-0.277981,0.299798,0.669994
-0.278222,0.299798,0.669994
-0.278463,0.299799,0.669994
-0.278704,0.299800,0.669994
-0.278945,0.299800,0.669994
-0.279185,0.299801,0.669994
-0.279425,0.299802,0.669994
-0.279665,0.299802,0.669994
-0.279904,0.299803,0.669994
-0.280144,0.299804,0.669994
-0.280383,0.299804,0.669994
-0.280622,0.299805,0.669994
-0.280861,0.299806,0.669994
-0.281099,0.299806,0.669995
-0.281338,0.299807,0.669995
-0.281576,0.299808,0.669995
-0.281814,0.299808,0.669995
-0.282051,0.299809,0.669995
-0.282288,0.299810,0.669995
-0.282526,0.299810,0.669995
-0.282762,0.299811,0.669995
-0.282999,0.299812,0.669995
-0.283236,0.299812,0.669995
-0.283472,0.299813,0.669995
-0.283708,0.299814,0.669995
-0.283943,0.299814,0.669995
-0.284179,0.299815,0.669995
-0.284414,0.299816,0.669995
-0.284649,0.299816,0.669995
-0.284883,0.299817,0.669995
-0.285118,0.299818,0.669995
-0.285352,0.299818,0.669995
-0.285586,0.299819,0.669995
-0.285819,0.299820,0.669995
-0.286053,0.299820,0.669995
-0.286286,0.299821,0.669995
-0.286519,0.299822,0.669995
-0.286751,0.299822,0.669995
-0.286984,0.299823,0.669995
-0.287216,0.299824,0.669995
-0.287447,0.299824,0.669995
-0.287679,0.299825,0.669995
-0.287910,0.299826,0.669995
-0.288141,0.299826,0.669995
-0.288372,0.299827,0.669995
-0.288602,0.299827,0.669995
-0.288832,0.299828,0.669995
-0.289062,0.299829,0.669995
-0.289292,0.299829,0.669995
-0.289521,0.299830,0.669995
-0.289750,0.299831,0.669995
-0.289979,0.299831,0.669995
-0.290207,0.299832,0.669995
-0.290435,0.299833,0.669995
-0.290663,0.299833,0.669995
-0.290890,0.299834,0.669995
-0.291118,0.299835,0.669995
-0.291345,0.299835,0.669995
-0.291571,0.299836,0.669995
-0.291798,0.299836,0.669995
-0.292024,0.299837,0.669995
-0.292249,0.299838,0.669995
-0.292475,0.299838,0.669995
-0.292700,0.299839,0.669995
-0.292925,0.299840,0.669995
-0.293149,0.299840,0.669995
-0.293373,0.299841,0.669995
-0.293597,0.299842,0.669996
-0.293821,0.299842,0.669996
-0.294044,0.299843,0.669996
-0.294267,0.299843,0.669996
-0.294490,0.299844,0.669996
-0.294712,0.299845,0.669996
-0.294934,0.299845,0.669996
-0.295156,0.299846,0.669996
-0.295377,0.299847,0.669996
-0.295598,0.299847,0.669996
-0.295819,0.299848,0.669996
-0.296039,0.299848,0.669996
-0.296259,0.299849,0.669996
-0.296479,0.299850,0.669996
-0.296698,0.299850,0.669996
-0.296917,0.299851,0.669996
-0.297136,0.299851,0.669996
-0.297354,0.299852,0.669996
-0.297572,0.299853,0.669996
-0.297790,0.299853,0.669996
-0.298007,0.299854,0.669996
-0.298224,0.299855,0.669996
-0.298441,0.299855,0.669996
-0.298657,0.299856,0.669996
-0.298873,0.299856,0.669996
-0.299089,0.299857,0.669996
-0.299304,0.299858,0.669996
-0.299519,0.299858,0.669996
-0.299733,0.299859,0.669996
-0.299947,0.299859,0.669996
-0.300161,0.299860,0.669996
-0.300375,0.299861,0.669996
-0.300588,0.299861,0.669996
-0.300801,0.299862,0.669996
-0.301013,0.299862,0.669996
-0.301225,0.299863,0.669996
-0.301437,0.299864,0.669996
-0.301648,0.299864,0.669996
-0.301859,0.299865,0.669996
-0.302070,0.299865,0.669996
-0.302280,0.299866,0.669996
-0.302490,0.299866,0.669996
-0.302699,0.299867,0.669996
-0.302908,0.299868,0.669996
-0.303117,0.299868,0.669996
-0.303326,0.299869,0.669996
-0.303534,0.299869,0.669996
-0.303741,0.299870,0.669996
-0.303948,0.299871,0.669996
-0.304155,0.299871,0.669996
-0.304362,0.299872,0.669996
-0.304568,0.299872,0.669996
-0.304774,0.299873,0.669996
-0.304979,0.299873,0.669996
-0.305184,0.299874,0.669996
-0.305388,0.299875,0.669996
-0.305593,0.299875,0.669996
-0.305796,0.299876,0.669996
-0.306000,0.299876,0.669996
-0.306203,0.299877,0.669997
-0.306405,0.299877,0.669997
-0.306608,0.299878,0.669997
-0.306809,0.299879,0.669997
-0.307011,0.299879,0.669997
-0.307212,0.299880,0.669997
-0.307412,0.299880,0.669997
-0.307613,0.299881,0.669997
-0.307812,0.299881,0.669997
-0.308012,0.299882,0.669997
-0.308211,0.299883,0.669997
-0.308409,0.299883,0.669997
-0.308608,0.299884,0.669997
-0.308805,0.299884,0.669997
-0.309003,0.299885,0.669997
-0.309200,0.299885,0.669997
-0.309396,0.299886,0.669997
-0.309592,0.299886,0.669997
-0.309788,0.299887,0.669997
-0.309983,0.299888,0.669997
-0.310178,0.299888,0.669997
-0.310373,0.299889,0.669997
-0.310567,0.299889,0.669997
-0.310760,0.299890,0.669997
-0.310954,0.299890,0.669997
-0.311146,0.299891,0.669997
-0.311339,0.299891,0.669997
-0.311531,0.299892,0.669997
-0.311722,0.299892,0.669997
-0.311913,0.299893,0.669997
-0.312104,0.299894,0.669997
-0.312294,0.299894,0.669997
-0.312484,0.299895,0.669997
-0.312674,0.299895,0.669997
-0.312863,0.299896,0.669997
-0.313051,0.299896,0.669997
-0.313239,0.299897,0.669997
-0.313427,0.299897,0.669997
-0.313614,0.299898,0.669997
-0.313801,0.299898,0.669997
-0.313987,0.299899,0.669997
-0.314173,0.299899,0.669997
-0.314358,0.299900,0.669997
-0.314543,0.299900,0.669997
-0.314728,0.299901,0.669997
-0.314912,0.299901,0.669997
-0.315096,0.299902,0.669997
-0.315279,0.299902,0.669997
-0.315462,0.299903,0.669997
-0.315644,0.299903,0.669997
-0.315826,0.299904,0.669997
-0.316008,0.299904,0.669997
-0.316189,0.299905,0.669997
-0.316369,0.299905,0.669997
-0.316549,0.299906,0.669997
-0.316729,0.299907,0.669997
-0.316908,0.299907,0.669997
-0.317087,0.299908,0.669997
-0.317265,0.299908,0.669997
-0.317443,0.299909,0.669997
-0.317620,0.299909,0.669997
-0.317797,0.299910,0.669997
-0.317974,0.299910,0.669997
-0.318150,0.299911,0.669997
-0.318325,0.299911,0.669997
-0.318500,0.299911,0.669997
-0.318675,0.299912,0.669998
-0.318849,0.299912,0.669998
-0.319023,0.299913,0.669998
-0.319196,0.299913,0.669998
-0.319369,0.299914,0.669998
-0.319541,0.299914,0.669998
-0.319713,0.299915,0.669998
-0.319884,0.299915,0.669998
-0.320055,0.299916,0.669998
-0.320226,0.299916,0.669998
-0.320396,0.299917,0.669998
-0.320565,0.299917,0.669998
-0.320734,0.299918,0.669998
-0.320903,0.299918,0.669998
-0.321071,0.299919,0.669998
-0.321238,0.299919,0.669998
-0.321405,0.299920,0.669998
-0.321572,0.299920,0.669998
-0.321738,0.299921,0.669998
-0.321904,0.299921,0.669998
-0.322069,0.299922,0.669998
-0.322234,0.299922,0.669998
-0.322398,0.299922,0.669998
-0.322561,0.299923,0.669998
-0.322725,0.299923,0.669998
-0.322888,0.299924,0.669998
-0.323050,0.299924,0.669998
-0.323212,0.299925,0.669998
-0.323373,0.299925,0.669998
-0.323534,0.299926,0.669998
-0.323694,0.299926,0.669998
-0.323854,0.299927,0.669998
-0.324013,0.299927,0.669998
-0.324172,0.299927,0.669998
-0.324331,0.299928,0.669998
-0.324489,0.299928,0.669998
-0.324646,0.299929,0.669998
-0.324803,0.299929,0.669998
-0.324959,0.299930,0.669998
-0.325115,0.299930,0.669998
-0.325271,0.299931,0.669998
-0.325426,0.299931,0.669998
-0.325580,0.299931,0.669998
-0.325734,0.299932,0.669998
-0.325888,0.299932,0.669998
-0.326041,0.299933,0.669998
-0.326193,0.299933,0.669998
-0.326345,0.299934,0.669998
-0.326496,0.299934,0.669998
-0.326647,0.299934,0.669998
-0.326798,0.299935,0.669998
-0.326948,0.299935,0.669998
-0.327097,0.299936,0.669998
-0.327246,0.299936,0.669998
-0.327395,0.299936,0.669998
-0.327543,0.299937,0.669998
-0.327690,0.299937,0.669998
-0.327837,0.299938,0.669998
-0.327984,0.299938,0.669998
-0.328130,0.299939,0.669998
-0.328275,0.299939,0.669998
-0.328420,0.299939,0.669998
-0.328565,0.299940,0.669998
-0.328708,0.299940,0.669998
-0.328852,0.299941,0.669998
-0.328995,0.299941,0.669998
-0.329137,0.299941,0.669998
-0.329279,0.299942,0.669998
-0.329421,0.299942,0.669998
-0.329561,0.299943,0.669998
-0.329702,0.299943,0.669998
-0.329842,0.299943,0.669998
-0.329981,0.299944,0.669998
-0.330120,0.299944,0.669998
-0.330258,0.299945,0.669998
-0.330396,0.299945,0.669998
-0.330534,0.299945,0.669998
-0.330670,0.299946,0.669998
-0.330807,0.299946,0.669998
-0.330942,0.299946,0.669998
-0.331078,0.299947,0.669998
-0.331212,0.299947,0.669999
-0.331347,0.299948,0.669999
-0.331480,0.299948,0.669999
-0.331614,0.299948,0.669999
-0.331746,0.299949,0.669999
-0.331879,0.299949,0.669999
-0.332010,0.299949,0.669999
-0.332141,0.299950,0.669999
-0.332272,0.299950,0.669999
-0.332402,0.299951,0.669999
-0.332532,0.299951,0.669999
-0.332661,0.299951,0.669999
-0.332789,0.299952,0.669999
-0.332918,0.299952,0.669999
-0.333045,0.299952,0.669999
-0.333172,0.299953,0.669999
-0.333299,0.299953,0.669999
-0.333425,0.299953,0.669999
-0.333550,0.299954,0.669999
-0.333675,0.299954,0.669999
-0.333799,0.299954,0.669999
-0.333923,0.299955,0.669999
-0.334047,0.299955,0.669999
-0.334170,0.299956,0.669999
-0.334292,0.299956,0.669999
-0.334414,0.299956,0.669999
-0.334535,0.299957,0.669999
-0.334656,0.299957,0.669999
-0.334776,0.299957,0.669999
-0.334896,0.299958,0.669999
-0.335015,0.299958,0.669999
-0.335134,0.299958,0.669999
-0.335252,0.299959,0.669999
-0.335370,0.299959,0.669999
-0.335487,0.299959,0.669999
-0.335604,0.299960,0.669999
-0.335720,0.299960,0.669999
-0.335835,0.299960,0.669999
-0.335951,0.299961,0.669999
-0.336065,0.299961,0.669999
-0.336179,0.299961,0.669999
-0.336293,0.299961,0.669999
-0.336406,0.299962,0.669999
-0.336518,0.299962,0.669999
-0.336630,0.299962,0.669999
-0.336742,0.299963,0.669999
-0.336852,0.299963,0.669999
-0.336963,0.299963,0.669999
-0.337073,0.299964,0.669999
-0.337182,0.299964,0.669999
-0.337291,0.299964,0.669999
-0.337399,0.299965,0.669999
-0.337507,0.299965,0.669999
-0.337614,0.299965,0.669999
-0.337721,0.299965,0.669999
-0.337827,0.299966,0.669999
-0.337933,0.299966,0.669999
-0.338038,0.299966,0.669999
-0.338143,0.299967,0.669999
-0.338247,0.299967,0.669999
-0.338351,0.299967,0.669999
-0.338454,0.299968,0.669999
-0.338556,0.299968,0.669999
-0.338658,0.299968,0.669999
-0.338760,0.299968,0.669999
-0.338861,0.299969,0.669999
-0.338962,0.299969,0.669999
-0.339062,0.299969,0.669999
-0.339161,0.299970,0.669999
-0.339260,0.299970,0.669999
-0.339358,0.299970,0.669999
-0.339456,0.299970,0.669999
-0.339554,0.299971,0.669999
-0.339651,0.299971,0.669999
-0.339747,0.299971,0.669999
-0.339843,0.299971,0.669999
-0.339938,0.299972,0.669999
-0.340033,0.299972,0.669999
-0.340127,0.299972,0.669999
-0.340221,0.299973,0.669999
-0.340315,0.299973,0.669999
-0.340407,0.299973,0.669999
-0.340500,0.299973,0.669999
-0.340591,0.299974,0.669999
-0.340683,0.299974,0.669999
-0.340773,0.299974,0.669999
-0.340863,0.299974,0.669999
-0.340953,0.299975,0.669999
-0.341042,0.299975,0.669999
-0.341131,0.299975,0.669999
-0.341219,0.299975,0.669999
-0.341307,0.299976,0.669999
-0.341394,0.299976,0.669999
-0.341481,0.299976,0.669999
-0.341567,0.299976,0.669999
-0.341652,0.299977,0.669999
-0.341737,0.299977,0.669999
-0.341822,0.299977,0.669999
-0.341906,0.299977,0.669999
-0.341990,0.299977,0.669999
-0.342073,0.299978,0.669999
-0.342155,0.299978,0.669999
-0.342237,0.299978,0.669999
-0.342319,0.299978,0.669999
-0.342400,0.299979,0.669999
-0.342481,0.299979,0.669999
-0.342561,0.299979,0.669999
-0.342640,0.299979,0.669999
-0.342719,0.299980,0.669999
-0.342798,0.299980,0.669999
-0.342876,0.299980,0.669999
-0.342953,0.299980,0.669999
-0.343030,0.299980,0.669999
-0.343107,0.299981,0.669999
-0.343183,0.299981,0.669999
-0.343258,0.299981,0.669999
-0.343333,0.299981,0.669999
-0.343408,0.299981,0.669999
-0.343482,0.299982,0.669999
-0.343556,0.299982,0.669999
-0.343629,0.299982,0.669999
-0.343701,0.299982,0.669999
-0.343773,0.299983,0.670000
-0.343845,0.299983,0.670000
-0.343916,0.299983,0.670000
-0.343987,0.299983,0.670000
-0.344057,0.299983,0.670000
-0.344126,0.299983,0.670000
-0.344195,0.299984,0.670000
-0.344264,0.299984,0.670000
-0.344332,0.299984,0.670000
-0.344400,0.299984,0.670000
-0.344467,0.299984,0.670000
-0.344534,0.299985,0.670000
-0.344600,0.299985,0.670000
-0.344666,0.299985,0.670000
-0.344731,0.299985,0.670000
-0.344796,0.299985,0.670000
-0.344860,0.299986,0.670000
-0.344924,0.299986,0.670000
-0.344987,0.299986,0.670000
-0.345050,0.299986,0.670000
-0.345112,0.299986,0.670000
-0.345174,0.299986,0.670000
-0.345236,0.299987,0.670000
-0.345297,0.299987,0.670000
-0.345357,0.299987,0.670000
-0.345417,0.299987,0.670000
-0.345477,0.299987,0.670000
-0.345536,0.299987,0.670000
-0.345594,0.299988,0.670000
-0.345652,0.299988,0.670000
-0.345710,0.299988,0.670000
-0.345767,0.299988,0.670000
-0.345824,0.299988,0.670000
-0.345880,0.299988,0.670000
-0.345936,0.299989,0.670000
-0.345991,0.299989,0.670000
-0.346046,0.299989,0.670000
-0.346101,0.299989,0.670000
-0.346155,0.299989,0.670000
-0.346208,0.299989,0.670000
-0.346261,0.299989,0.670000
-0.346314,0.299990,0.670000
-0.346366,0.299990,0.670000
-0.346418,0.299990,0.670000
-0.346469,0.299990,0.670000
-0.346520,0.299990,0.670000
-0.346570,0.299990,0.670000
-0.346620,0.299991,0.670000
-0.346669,0.299991,0.670000
-0.346718,0.299991,0.670000
-0.346767,0.299991,0.670000
-0.346815,0.299991,0.670000
-0.346863,0.299991,0.670000
-0.346910,0.299991,0.670000
-0.346957,0.299991,0.670000
-0.347003,0.299992,0.670000
-0.347049,0.299992,0.670000
-0.347094,0.299992,0.670000
-0.347139,0.299992,0.670000
-0.347184,0.299992,0.670000
-0.347228,0.299992,0.670000
-0.347272,0.299992,0.670000
-0.347315,0.299992,0.670000
-0.347358,0.299993,0.670000
-0.347401,0.299993,0.670000
-0.347443,0.299993,0.670000
-0.347484,0.299993,0.670000
-0.347526,0.299993,0.670000
-0.347566,0.299993,0.670000
-0.347607,0.299993,0.670000
-0.347647,0.299993,0.670000
-0.347686,0.299993,0.670000
-0.347725,0.299994,0.670000
-0.347764,0.299994,0.670000
-0.347802,0.299994,0.670000
-0.347840,0.299994,0.670000
-0.347877,0.299994,0.670000
-0.347915,0.299994,0.670000
-0.347951,0.299994,0.670000
-0.347987,0.299994,0.670000
-0.348023,0.299994,0.670000
-0.348059,0.299995,0.670000
-0.348094,0.299995,0.670000
-0.348128,0.299995,0.670000
-0.348163,0.299995,0.670000
-0.348196,0.299995,0.670000
-0.348230,0.299995,0.670000
-0.348263,0.299995,0.670000
-0.348296,0.299995,0.670000
-0.348328,0.299995,0.670000
-0.348360,0.299995,0.670000
-0.348391,0.299995,0.670000
-0.348423,0.299996,0.670000
-0.348453,0.299996,0.670000
-0.348484,0.299996,0.670000
-0.348514,0.299996,0.670000
-0.348543,0.299996,0.670000
-0.348573,0.299996,0.670000
-0.348601,0.299996,0.670000
-0.348630,0.299996,0.670000
-0.348658,0.299996,0.670000
-0.348686,0.299996,0.670000
-0.348713,0.299996,0.670000
-0.348740,0.299996,0.670000
-0.348767,0.299997,0.670000
-0.348793,0.299997,0.670000
-0.348819,0.299997,0.670000
-0.348845,0.299997,0.670000
-0.348870,0.299997,0.670000
-0.348895,0.299997,0.670000
-0.348920,0.299997,0.670000
-0.348944,0.299997,0.670000
-0.348968,0.299997,0.670000
-0.348991,0.299997,0.670000
-0.349014,0.299997,0.670000
-0.349037,0.299997,0.670000
-0.349060,0.299997,0.670000
-0.349082,0.299997,0.670000
-0.349104,0.299997,0.670000
-0.349125,0.299998,0.670000
-0.349146,0.299998,0.670000
-0.349167,0.299998,0.670000
-0.349188,0.299998,0.670000
-0.349208,0.299998,0.670000
-0.349228,0.299998,0.670000
-0.349247,0.299998,0.670000
-0.349266,0.299998,0.670000
-0.349285,0.299998,0.670000
-0.349304,0.299998,0.670000
-0.349322,0.299998,0.670000
-0.349340,0.299998,0.670000
-0.349358,0.299998,0.670000
-0.349375,0.299998,0.670000
-0.349392,0.299998,0.670000
-0.349409,0.299998,0.670000
-0.349425,0.299998,0.670000
-0.349441,0.299998,0.670000
-0.349457,0.299998,0.670000
-0.349473,0.299999,0.670000
-0.349488,0.299999,0.670000
-0.349503,0.299999,0.670000
-0.349518,0.299999,0.670000
-0.349532,0.299999,0.670000
-0.349546,0.299999,0.670000
-0.349560,0.299999,0.670000
-0.349574,0.299999,0.670000
-0.349587,0.299999,0.670000
-0.349600,0.299999,0.670000
-0.349613,0.299999,0.670000
-0.349625,0.299999,0.670000
-0.349638,0.299999,0.670000
-0.349650,0.299999,0.670000
-0.349661,0.299999,0.670000
-0.349673,0.299999,0.670000
-0.349684,0.299999,0.670000
-0.349695,0.299999,0.670000
-0.349706,0.299999,0.670000
-0.349716,0.299999,0.670000
-0.349726,0.299999,0.670000
-0.349736,0.299999,0.670000
-0.349746,0.299999,0.670000
-0.349756,0.299999,0.670000
-0.349765,0.299999,0.670000
-0.349774,0.299999,0.670000
-0.349783,0.299999,0.670000
-0.349791,0.299999,0.670000
-0.349800,0.299999,0.670000
-0.349808,0.299999,0.670000
-0.349816,0.299999,0.670000
-0.349824,0.300000,0.670000
-0.349831,0.300000,0.670000
-0.349838,0.300000,0.670000
-0.349845,0.300000,0.670000
-0.349852,0.300000,0.670000
-0.349859,0.300000,0.670000
-0.349865,0.300000,0.670000
-0.349872,0.300000,0.670000
-0.349878,0.300000,0.670000
-0.349884,0.300000,0.670000
-0.349889,0.300000,0.670000
-0.349895,0.300000,0.670000
-0.349900,0.300000,0.670000
-0.349905,0.300000,0.670000
-0.349910,0.300000,0.670000
-0.349915,0.300000,0.670000
-0.349920,0.300000,0.670000
-0.349924,0.300000,0.670000
-0.349929,0.300000,0.670000
-0.349933,0.300000,0.670000
-0.349937,0.300000,0.670000
-0.349940,0.300000,0.670000
-0.349944,0.300000,0.670000
-0.349948,0.300000,0.670000
-0.349951,0.300000,0.670000
-0.349954,0.300000,0.670000
-0.349957,0.300000,0.670000
-0.349960,0.300000,0.670000
-0.349963,0.300000,0.670000
-0.349966,0.300000,0.670000
-0.349968,0.300000,0.670000
-0.349971,0.300000,0.670000
-0.349973,0.300000,0.670000
-0.349975,0.300000,0.670000
-0.349977,0.300000,0.670000
-0.349979,0.300000,0.670000
-0.349981,0.300000,0.670000
-0.349983,0.300000,0.670000
-0.349984,0.300000,0.670000
-0.349986,0.300000,0.670000
-0.349987,0.300000,0.670000
-0.349988,0.300000,0.670000
-0.349990,0.300000,0.670000
-0.349991,0.300000,0.670000
-0.349992,0.300000,0.670000
-0.349993,0.300000,0.670000
-0.349994,0.300000,0.670000
-0.349995,0.300000,0.670000
-0.349995,0.300000,0.670000
-0.349996,0.300000,0.670000
-0.349997,0.300000,0.670000
-0.349997,0.300000,0.670000
-0.349998,0.300000,0.670000
-0.349998,0.300000,0.670000
-0.349998,0.300000,0.670000
-0.349999,0.300000,0.670000
-0.349999,0.300000,0.670000
-0.349999,0.300000,0.670000
-0.349999,0.300000,0.670000
-0.350000,0.300000,0.670000
-0.350000,0.300000,0.670000
-0.350000,0.300000,0.670000
-0.350000,0.300000,0.670000
-0.350000,0.300000,0.670000
-0.350000,0.300000,0.670000
-0.350000,0.300000,0.670000
-0.350000,0.300000,0.670000
-0.350000,0.300000,0.670000
