x,y,z
0.149638,0.300780,0.669443
0.149638,0.300780,0.669443
0.149638,0.300780,0.669443
0.149638,0.300780,0.669443
0.149638,0.300780,0.669443
0.149638,0.300780,0.669443
0.149638,0.300780,0.669443
0.149638,0.300780,0.669442
0.149638,0.300780,0.669441
0.149638,0.300780,0.669441
0.149638,0.300780,0.669440
0.149638,0.300780,0.669438
0.149638,0.300780,0.669437
0.149638,0.300780,0.669435
0.149638,0.300780,0.669433
0.149638,0.300780,0.669430
0.149638,0.300780,0.669428
0.149638,0.300780,0.669424
0.149638,0.300780,0.669421
0.149638,0.300780,0.669417
0.149638,0.300780,0.669413
0.149638,0.300780,0.669408
0.149638,0.300780,0.669403
0.149639,0.300780,0.669397
0.149639,0.300780,0.669391
0.149639,0.300780,0.669384
0.149639,0.300780,0.669377
0.149639,0.300780,0.669369
0.149639,0.300780,0.669360
0.149639,0.300780,0.669351
0.149639,0.300780,0.669341
0.149639,0.300780,0.669331
0.149639,0.300780,0.669320
0.149639,0.300780,0.669309
0.149639,0.300780,0.669296
0.149639,0.300780,0.669283
0.149639,0.300780,0.669269
0.149639,0.300779,0.669255
0.149639,0.300779,0.669240
0.149639,0.300779,0.669223
0.149639,0.300779,0.669207
0.149639,0.300779,0.669189
0.149639,0.300779,0.669170
0.149639,0.300779,0.669151
0.149639,0.300779,0.669131
0.149639,0.300779,0.669110
0.149639,0.300779,0.669088
0.149639,0.300779,0.669065
0.149639,0.300778,0.669041
0.149639,0.300778,0.669016
0.149639,0.300778,0.668990
0.149639,0.300778,0.668964
0.149639,0.300778,0.668936
0.149640,0.300778,0.668907
0.149640,0.300778,0.668877
0.149640,0.300778,0.668847
0.149640,0.300777,0.668815
0.149640,0.300777,0.668782
0.149640,0.300777,0.668748
0.149640,0.300777,0.668713
0.149640,0.300777,0.668677
0.149640,0.300777,0.668639
0.149640,0.300776,0.668601
0.149640,0.300776,0.668561
0.149640,0.300776,0.668521
0.149640,0.300776,0.668479
0.149641,0.300776,0.668436
0.149641,0.300776,0.668392
0.149641,0.300775,0.668346
0.149641,0.300775,0.668299
0.149641,0.300775,0.668252
0.149641,0.300775,0.668202
0.149641,0.300774,0.668152
0.149641,0.300774,0.668100
0.149641,0.300774,0.668047
0.149642,0.300774,0.667993
0.149642,0.300773,0.667937
0.149642,0.300773,0.667881
0.149642,0.300773,0.667822
0.149642,0.300773,0.667763
0.149642,0.300772,0.667702
0.149642,0.300772,0.667640
0.149642,0.300772,0.667576
0.149643,0.300771,0.667511
0.149643,0.300771,0.667445
0.149643,0.300771,0.667377
0.149643,0.300771,0.667308
0.149643,0.300770,0.667237
0.149643,0.300770,0.667166
0.149643,0.300770,0.667092
0.149644,0.300769,0.667017
0.149644,0.300769,0.666941
0.149644,0.300768,0.666863
0.149644,0.300768,0.666784
0.149644,0.300768,0.666703
0.149644,0.300767,0.666621
0.149645,0.300767,0.666537
0.149645,0.300767,0.666452
0.149645,0.300766,0.666365
0.149645,0.300766,0.666277
0.149645,0.300765,0.666187
0.149646,0.300765,0.666096
0.149646,0.300765,0.666003
0.149646,0.300764,0.665909
0.149646,0.300764,0.665813
0.149646,0.300763,0.665716
0.149647,0.300763,0.665617
0.149647,0.300762,0.665516
0.149647,0.300762,0.665414
0.149647,0.300761,0.665310
0.149647,0.300761,0.665205
0.149648,0.300760,0.665098
0.149648,0.300760,0.664989
0.149648,0.300759,0.664879
0.149648,0.300759,0.664767
0.149649,0.300758,0.664654
0.149649,0.300758,0.664539
0.149649,0.300757,0.664422
0.149649,0.300757,0.664304
0.149650,0.300756,0.664184
0.149650,0.300756,0.664062
0.149650,0.300755,0.663939
0.149650,0.300754,0.663814
0.149651,0.300754,0.663687
0.149651,0.300753,0.663559
0.149651,0.300753,0.663429
0.149652,0.300752,0.663298
0.149652,0.300751,0.663164
0.149652,0.300751,0.663030
0.149652,0.300750,0.662893
0.149653,0.300750,0.662755
0.149653,0.300749,0.662615
0.149653,0.300748,0.662473
0.149654,0.300748,0.662329
0.149654,0.300747,0.662184
0.149654,0.300746,0.662038
0.149655,0.300746,0.661889
0.149655,0.300745,0.661739
0.149655,0.300744,0.661587
0.149656,0.300743,0.661433
0.149656,0.300743,0.661278
0.149656,0.300742,0.661121
0.149657,0.300741,0.660962
0.149657,0.300741,0.660801
0.149657,0.300740,0.660639
0.149658,0.300739,0.660475
0.149658,0.300738,0.660309
0.149658,0.300738,0.660142
0.149659,0.300737,0.659973
0.149659,0.300736,0.659802
0.149659,0.300735,0.659629
0.149660,0.300734,0.659455
0.149660,0.300734,0.659279
0.149660,0.300733,0.659101
0.149661,0.300732,0.658921
0.149661,0.300731,0.658740
0.149662,0.300730,0.658557
0.149662,0.300729,0.658372
0.149662,0.300729,0.658186
0.149663,0.300728,0.657997
0.149663,0.300727,0.657807
0.149664,0.300726,0.657616
0.149664,0.300725,0.657422
0.149664,0.300724,0.657227
0.149665,0.300723,0.657030
0.149665,0.300722,0.656831
0.149666,0.300721,0.656631
0.149666,0.300720,0.656429
0.149667,0.300719,0.656225
0.149667,0.300719,0.656019
0.149668,0.300718,0.655812
0.149668,0.300717,0.655602
0.149668,0.300716,0.655392
0.149669,0.300715,0.655179
0.149669,0.300714,0.654965
0.149670,0.300713,0.654749
0.149670,0.300712,0.654531
0.149671,0.300711,0.654311
0.149671,0.300710,0.654090
0.149672,0.300709,0.653867
0.149672,0.300708,0.653643
0.149673,0.300707,0.653416
0.149673,0.300705,0.653188
0.149674,0.300704,0.652958
0.149674,0.300703,0.652727
0.149675,0.300702,0.652494
0.149675,0.300701,0.652259
0.149676,0.300700,0.652022
0.149676,0.300699,0.651784
0.149677,0.300698,0.651544
0.149677,0.300697,0.651302
0.149678,0.300696,0.651059
0.149678,0.300695,0.650814
0.149679,0.300693,0.650567
0.149679,0.300692,0.650319
0.149680,0.300691,0.650069
0.149680,0.300690,0.649817
0.149681,0.300689,0.649564
0.149681,0.300688,0.649309
0.149682,0.300686,0.649052
0.149682,0.300685,0.648794
0.149683,0.300684,0.648534
0.149684,0.300683,0.648272
0.149684,0.300682,0.648009
0.149685,0.300680,0.647744
0.149685,0.300679,0.647477
0.149686,0.300678,0.647209
0.149686,0.300677,0.646939
0.149687,0.300675,0.646668
0.149688,0.300674,0.646395
0.149688,0.300673,0.646120
0.149689,0.300672,0.645844
0.149689,0.300670,0.645566
0.149690,0.300669,0.645286
0.149691,0.300668,0.645005
0.149691,0.300666,0.644723
0.149692,0.300665,0.644438
0.149692,0.300664,0.644153
0.149693,0.300663,0.643865
0.149694,0.300661,0.643576
0.149694,0.300660,0.643286
0.149695,0.300659,0.642994
0.149695,0.300657,0.642700
0.149696,0.300656,0.642405
0.149697,0.300654,0.642109
0.149697,0.300653,0.641811
0.149698,0.300652,0.641511
0.149699,0.300650,0.641210
0.149699,0.300649,0.640907
0.149700,0.300648,0.640603
0.149701,0.300646,0.640297
0.149701,0.300645,0.639990
0.149702,0.300643,0.639682
0.149703,0.300642,0.639371
0.149703,0.300640,0.639060
0.149704,0.300639,0.638747
0.149705,0.300638,0.638432
0.149705,0.300636,0.638116
0.149706,0.300635,0.637799
0.149707,0.300633,0.637480
0.149707,0.300632,0.637160
0.149708,0.300630,0.636838
0.149709,0.300629,0.636515
0.149709,0.300627,0.636191
0.149710,0.300626,0.635865
0.149711,0.300624,0.635538
0.149711,0.300623,0.635209
0.149712,0.300621,0.634879
0.149713,0.300620,0.634548
0.149714,0.300618,0.634215
0.149714,0.300617,0.633881
0.149715,0.300615,0.633546
0.149716,0.300613,0.633209
0.149716,0.300612,0.632871
0.149717,0.300610,0.632532
0.149718,0.300609,0.632191
0.149719,0.300607,0.631849
0.149719,0.300606,0.631506
0.149720,0.300604,0.631161
0.149721,0.300602,0.630816
0.149722,0.300601,0.630469
0.149722,0.300599,0.630120
0.149723,0.300598,0.629771
0.149724,0.300596,0.629420
0.149725,0.300594,0.629068
0.149725,0.300593,0.628715
0.149726,0.300591,0.628360
0.149727,0.300590,0.628005
0.149728,0.300588,0.627648
0.149728,0.300586,0.627290
0.149729,0.300585,0.626931
0.149730,0.300583,0.626570
0.149731,0.300581,0.626209
0.149731,0.300580,0.625846
0.149732,0.300578,0.625482
0.149733,0.300576,0.625117
0.149734,0.300575,0.624751
0.149735,0.300573,0.624384
0.149735,0.300571,0.624016
0.149736,0.300569,0.623646
0.149737,0.300568,0.623276
0.149738,0.300566,0.622904
0.149739,0.300564,0.622532
0.149739,0.300563,0.622158
0.149740,0.300561,0.621784
0.149741,0.300559,0.621408
0.149742,0.300557,0.621031
0.149743,0.300556,0.620653
0.149743,0.300554,0.620275
0.149744,0.300552,0.619895
0.149745,0.300550,0.619514
0.149746,0.300549,0.619133
0.149747,0.300547,0.618750
0.149747,0.300545,0.618366
0.149748,0.300543,0.617982
0.149749,0.300542,0.617596
0.149750,0.300540,0.617210
0.149751,0.300538,0.616823
0.149752,0.300536,0.616434
0.149752,0.300534,0.616045
0.149753,0.300533,0.615655
0.149754,0.300531,0.615265
0.149755,0.300529,0.614873
0.149756,0.300527,0.614480
0.149757,0.300525,0.614087
0.149757,0.300524,0.613693
0.149758,0.300522,0.613298
0.149759,0.300520,0.612902
0.149760,0.300518,0.612505
0.149761,0.300516,0.612108
0.149762,0.300514,0.611710
0.149762,0.300513,0.611311
0.149763,0.300511,0.610911
0.149764,0.300509,0.610511
0.149765,0.300507,0.610110
0.149766,0.300505,0.609708
0.149767,0.300503,0.609305
0.149768,0.300502,0.608902
0.149768,0.300500,0.608498
0.149769,0.300498,0.608094
0.149770,0.300496,0.607688
0.149771,0.300494,0.607282
0.149772,0.300492,0.606876
0.149773,0.300490,0.606469
0.149774,0.300488,0.606061
0.149775,0.300487,0.605652
0.149775,0.300485,0.605244
0.149776,0.300483,0.604834
0.149777,0.300481,0.604424
0.149778,0.300479,0.604013
0.149779,0.300477,0.603602
0.149780,0.300475,0.603190
0.149781,0.300473,0.602778
0.149782,0.300471,0.602365
0.149782,0.300470,0.601952
0.149783,0.300468,0.601538
0.149784,0.300466,0.601124
0.149785,0.300464,0.600709
0.149786,0.300462,0.600294
0.149787,0.300460,0.599878
0.149788,0.300458,0.599462
0.149789,0.300456,0.599046
0.149790,0.300454,0.598629
0.149790,0.300452,0.598212
0.149791,0.300450,0.597794
0.149792,0.300448,0.597376
0.149793,0.300447,0.596958
0.149794,0.300445,0.596539
0.149795,0.300443,0.596120
0.149796,0.300441,0.595700
0.149797,0.300439,0.595281
0.149798,0.300437,0.594861
0.149798,0.300435,0.594440
0.149799,0.300433,0.594020
0.149800,0.300431,0.593599
0.149801,0.300429,0.593178
0.149802,0.300427,0.592757
0.149803,0.300425,0.592335
0.149804,0.300423,0.591913
0.149805,0.300421,0.591491
0.149806,0.300419,0.591069
0.149807,0.300417,0.590647
0.149807,0.300416,0.590224
0.149808,0.300414,0.589802
0.149809,0.300412,0.589379
0.149810,0.300410,0.588956
0.149811,0.300408,0.588533
0.149812,0.300406,0.588110
0.149813,0.300404,0.587686
0.149814,0.300402,0.587263
0.149815,0.300400,0.586840
0.149816,0.300398,0.586416
0.149816,0.300396,0.585993
0.149817,0.300394,0.585569
0.149818,0.300392,0.585145
0.149819,0.300390,0.584722
0.149820,0.300388,0.584298
0.149821,0.300386,0.583875
0.149822,0.300384,0.583451
0.149823,0.300382,0.583027
0.149824,0.300380,0.582604
0.149825,0.300378,0.582181
0.149826,0.300377,0.581757
0.149826,0.300375,0.581334
0.149827,0.300373,0.580911
0.149828,0.300371,0.580488
0.149829,0.300369,0.580065
0.149830,0.300367,0.579642
0.149831,0.300365,0.579219
0.149832,0.300363,0.578797
0.149833,0.300361,0.578374
0.149834,0.300359,0.577952
0.149835,0.300357,0.577530
0.149835,0.300355,0.577108
0.149836,0.300353,0.576687
0.149837,0.300351,0.576266
0.149838,0.300349,0.575845
0.149839,0.300347,0.575424
0.149840,0.300345,0.575003
0.149841,0.300343,0.574583
0.149842,0.300342,0.574163
0.149843,0.300340,0.573743
0.149844,0.300338,0.573324
0.149844,0.300336,0.572905
0.149845,0.300334,0.572486
0.149846,0.300332,0.572068
0.149847,0.300330,0.571650
0.149848,0.300328,0.571232
0.149849,0.300326,0.570815
0.149850,0.300324,0.570398
0.149851,0.300322,0.569981
0.149852,0.300320,0.569565
0.149852,0.300318,0.569150
0.149853,0.300317,0.568734
0.149854,0.300315,0.568320
0.149855,0.300313,0.567905
0.149856,0.300311,0.567492
0.149857,0.300309,0.567078
0.149858,0.300307,0.566666
0.149859,0.300305,0.566253
0.149859,0.300303,0.565842
0.149860,0.300301,0.565430
0.149861,0.300299,0.565020
0.149862,0.300298,0.564610
0.149863,0.300296,0.564200
0.149864,0.300294,0.563791
0.149865,0.300292,0.563383
0.149866,0.300290,0.562975
0.149866,0.300288,0.562568
0.149867,0.300286,0.562161
0.149868,0.300284,0.561755
0.149869,0.300283,0.561350
0.149870,0.300281,0.560945
0.149871,0.300279,0.560541
0.149872,0.300277,0.560138
0.149873,0.300275,0.559736
0.149873,0.300273,0.559334
0.149874,0.300271,0.558933
0.149875,0.300270,0.558532
0.149876,0.300268,0.558133
0.149877,0.300266,0.557734
0.149878,0.300264,0.557336
0.149878,0.300262,0.556938
0.149879,0.300260,0.556542
0.149880,0.300259,0.556146
0.149881,0.300257,0.555751
0.149882,0.300255,0.555357
0.149883,0.300253,0.554963
0.149884,0.300251,0.554571
0.149884,0.300250,0.554179
0.149885,0.300248,0.553788
0.149886,0.300246,0.553398
0.149887,0.300244,0.553009
0.149888,0.300242,0.552621
0.149889,0.300241,0.552234
0.149889,0.300239,0.551847
0.149890,0.300237,0.551462
0.149891,0.300235,0.551077
0.149892,0.300233,0.550694
0.149893,0.300232,0.550311
0.149893,0.300230,0.549929
0.149894,0.300228,0.549549
0.149895,0.300226,0.549169
0.149896,0.300225,0.548790
0.149897,0.300223,0.548412
0.149897,0.300221,0.548036
0.149898,0.300219,0.547660
0.149899,0.300218,0.547285
0.149900,0.300216,0.546912
0.149901,0.300214,0.546539
0.149901,0.300213,0.546168
0.149902,0.300211,0.545797
0.149903,0.300209,0.545428
0.149904,0.300208,0.545059
0.149905,0.300206,0.544692
0.149905,0.300204,0.544326
0.149906,0.300202,0.543961
0.149907,0.300201,0.543597
0.149908,0.300199,0.543235
0.149909,0.300197,0.542873
0.149909,0.300196,0.542513
0.149910,0.300194,0.542154
0.149911,0.300192,0.541796
0.149912,0.300191,0.541439
0.149912,0.300189,0.541083
0.149913,0.300188,0.540729
0.149914,0.300186,0.540375
0.149915,0.300184,0.540023
0.149915,0.300183,0.539673
0.149916,0.300181,0.539323
0.149917,0.300179,0.538975
0.149918,0.300178,0.538628
0.149918,0.300176,0.538282
0.149919,0.300175,0.537937
0.149920,0.300173,0.537594
0.149921,0.300172,0.537252
0.149921,0.300170,0.536912
0.149922,0.300168,0.536572
0.149923,0.300167,0.536234
0.149923,0.300165,0.535898
0.149924,0.300164,0.535562
0.149925,0.300162,0.535228
0.149926,0.300161,0.534895
0.149926,0.300159,0.534564
0.149927,0.300158,0.534234
0.149928,0.300156,0.533906
0.149928,0.300155,0.533578
0.149929,0.300153,0.533253
0.149930,0.300152,0.532928
0.149930,0.300150,0.532605
0.149931,0.300149,0.532283
0.149932,0.300147,0.531963
0.149932,0.300146,0.531644
0.149933,0.300144,0.531327
0.149934,0.300143,0.531011
0.149934,0.300141,0.530697
0.149935,0.300140,0.530384
0.149936,0.300138,0.530072
0.149936,0.300137,0.529762
0.149937,0.300136,0.529453
0.149938,0.300134,0.529146
0.149938,0.300133,0.528841
0.149939,0.300131,0.528536
0.149940,0.300130,0.528234
0.149940,0.300129,0.527932
0.149941,0.300127,0.527633
0.149942,0.300126,0.527335
0.149942,0.300125,0.527038
0.149943,0.300123,0.526743
0.149944,0.300122,0.526449
0.149944,0.300120,0.526157
0.149945,0.300119,0.525867
0.149945,0.300118,0.525578
0.149946,0.300116,0.525291
0.149947,0.300115,0.525005
0.149947,0.300114,0.524721
0.149948,0.300113,0.524438
0.149948,0.300111,0.524157
0.149949,0.300110,0.523878
0.149950,0.300109,0.523600
0.149950,0.300107,0.523324
0.149951,0.300106,0.523049
0.149951,0.300105,0.522776
0.149952,0.300104,0.522504
0.149953,0.300102,0.522235
0.149953,0.300101,0.521966
0.149954,0.300100,0.521700
0.149954,0.300099,0.521435
0.149955,0.300098,0.521172
0.149955,0.300096,0.520910
0.149956,0.300095,0.520650
0.149956,0.300094,0.520391
0.149957,0.300093,0.520135
0.149958,0.300092,0.519880
0.149958,0.300090,0.519626
0.149959,0.300089,0.519375
0.149959,0.300088,0.519125
0.149960,0.300087,0.518876
0.149960,0.300086,0.518629
0.149961,0.300085,0.518384
0.149961,0.300084,0.518141
0.149962,0.300082,0.517899
0.149962,0.300081,0.517659
0.149963,0.300080,0.517421
0.149963,0.300079,0.517185
0.149964,0.300078,0.516950
0.149964,0.300077,0.516716
0.149965,0.300076,0.516485
0.149965,0.300075,0.516255
0.149966,0.300074,0.516027
0.149966,0.300073,0.515801
0.149967,0.300072,0.515576
0.149967,0.300071,0.515353
0.149968,0.300070,0.515132
0.149968,0.300069,0.514913
0.149969,0.300068,0.514695
0.149969,0.300067,0.514479
0.149970,0.300066,0.514264
0.149970,0.300065,0.514052
0.149970,0.300064,0.513841
0.149971,0.300063,0.513632
0.149971,0.300062,0.513425
0.149972,0.300061,0.513219
0.149972,0.300060,0.513015
0.149973,0.300059,0.512813
0.149973,0.300058,0.512612
0.149974,0.300057,0.512414
0.149974,0.300056,0.512217
0.149974,0.300055,0.512021
0.149975,0.300054,0.511828
0.149975,0.300054,0.511636
0.149976,0.300053,0.511446
0.149976,0.300052,0.511258
0.149976,0.300051,0.511071
0.149977,0.300050,0.510886
0.149977,0.300049,0.510703
0.149978,0.300048,0.510522
0.149978,0.300048,0.510343
0.149978,0.300047,0.510165
0.149979,0.300046,0.509989
0.149979,0.300045,0.509814
0.149979,0.300044,0.509642
0.149980,0.300044,0.509471
0.149980,0.300043,0.509301
0.149981,0.300042,0.509134
0.149981,0.300041,0.508968
0.149981,0.300041,0.508804
0.149982,0.300040,0.508642
0.149982,0.300039,0.508482
0.149982,0.300038,0.508323
0.149983,0.300038,0.508166
0.149983,0.300037,0.508010
0.149983,0.300036,0.507857
0.149984,0.300035,0.507705
0.149984,0.300035,0.507554
0.149984,0.300034,0.507406
0.149985,0.300033,0.507259
0.149985,0.300033,0.507114
0.149985,0.300032,0.506971
0.149985,0.300031,0.506829
0.149986,0.300031,0.506689
0.149986,0.300030,0.506551
0.149986,0.300030,0.506414
0.149987,0.300029,0.506279
0.149987,0.300028,0.506146
0.149987,0.300028,0.506014
0.149987,0.300027,0.505884
0.149988,0.300027,0.505756
0.149988,0.300026,0.505629
0.149988,0.300025,0.505505
0.149989,0.300025,0.505381
0.149989,0.300024,0.505260
0.149989,0.300024,0.505140
0.149989,0.300023,0.505021
0.149990,0.300023,0.504905
0.149990,0.300022,0.504790
0.149990,0.300022,0.504676
0.149990,0.300021,0.504565
0.149990,0.300021,0.504454
0.149991,0.300020,0.504346
0.149991,0.300020,0.504239
0.149991,0.300019,0.504133
0.149991,0.300019,0.504030
0.149992,0.300018,0.503927
0.149992,0.300018,0.503827
0.149992,0.300017,0.503728
0.149992,0.300017,0.503630
0.149992,0.300016,0.503534
0.149993,0.300016,0.503440
0.149993,0.300015,0.503347
0.149993,0.300015,0.503256
0.149993,0.300015,0.503166
0.149993,0.300014,0.503078
0.149994,0.300014,0.502991
0.149994,0.300013,0.502906
0.149994,0.300013,0.502822
0.149994,0.300013,0.502740
0.149994,0.300012,0.502660
0.149994,0.300012,0.502580
0.149995,0.300012,0.502503
0.149995,0.300011,0.502426
0.149995,0.300011,0.502351
0.149995,0.300010,0.502278
0.149995,0.300010,0.502206
0.149995,0.300010,0.502135
0.149996,0.300010,0.502066
0.149996,0.300009,0.501999
0.149996,0.300009,0.501932
0.149996,0.300009,0.501867
0.149996,0.300008,0.501804
0.149996,0.300008,0.501741
0.149996,0.300008,0.501681
0.149997,0.300007,0.501621
0.149997,0.300007,0.501563
0.149997,0.300007,0.501506
0.149997,0.300007,0.501450
0.149997,0.300006,0.501396
0.149997,0.300006,0.501343
0.149997,0.300006,0.501292
0.149997,0.300006,0.501241
0.149997,0.300005,0.501192
0.149998,0.300005,0.501144
0.149998,0.300005,0.501097
0.149998,0.300005,0.501052
0.149998,0.300005,0.501008
0.149998,0.300004,0.500965
0.149998,0.300004,0.500923
0.149998,0.300004,0.500882
0.149998,0.300004,0.500842
0.149998,0.300004,0.500804
0.149998,0.300004,0.500767
0.149998,0.300003,0.500731
0.149999,0.300003,0.500696
0.149999,0.300003,0.500662
0.149999,0.300003,0.500629
0.149999,0.300003,0.500597
0.149999,0.300003,0.500566
0.149999,0.300002,0.500536
0.149999,0.300002,0.500508
0.149999,0.300002,0.500480
0.149999,0.300002,0.500453
0.149999,0.300002,0.500427
0.149999,0.300002,0.500403
0.149999,0.300002,0.500379
0.149999,0.300002,0.500356
0.149999,0.300002,0.500334
0.149999,0.300001,0.500313
0.149999,0.300001,0.500293
0.149999,0.300001,0.500273
0.149999,0.300001,0.500255
0.149999,0.300001,0.500237
0.150000,0.300001,0.500220
0.150000,0.300001,0.500204
0.150000,0.300001,0.500189
0.150000,0.300001,0.500174
0.150000,0.300001,0.500160
0.150000,0.300001,0.500147
0.150000,0.300001,0.500135
0.150000,0.300001,0.500123
0.150000,0.300001,0.500112
0.150000,0.300000,0.500102
0.150000,0.300000,0.500092
0.150000,0.300000,0.500083
0.150000,0.300000,0.500075
0.150000,0.300000,0.500067
0.150000,0.300000,0.500060
0.150000,0.300000,0.500053
0.150000,0.300000,0.500047
0.150000,0.300000,0.500041
0.150000,0.300000,0.500036
0.150000,0.300000,0.500031
0.150000,0.300000,0.500027
0.150000,0.300000,0.500023
0.150000,0.300000,0.500019
0.150000,0.300000,0.500016
0.150000,0.300000,0.500013
0.150000,0.300000,0.500011
0.150000,0.300000,0.500009
0.150000,0.300000,0.500007
0.150000,0.300000,0.500005
0.150000,0.300000,0.500004
0.150000,0.300000,0.500003
0.150000,0.300000,0.500002
0.150000,0.300000,0.500001
0.150000,0.300000,0.500001
0.150000,0.300000,0.500000
0.150000,0.300000,0.500000
0.150000,0.300000,0.500000
0.150000,0.300000,0.500000
0.150000,0.300000,0.500000
