x,y,z
-0.150174,0.300156,0.669779
-0.150174,0.300156,0.669779
-0.150174,0.300156,0.669779
-0.150174,0.300156,0.669779
-0.150174,0.300156,0.669778
-0.150174,0.300156,0.669778
-0.150174,0.300156,0.669778
-0.150174,0.300156,0.669777
-0.150174,0.300156,0.669777
-0.150174,0.300156,0.669776
-0.150174,0.300156,0.669775
-0.150174,0.300156,0.669773
-0.150174,0.300156,0.669772
-0.150174,0.300156,0.669770
-0.150174,0.300156,0.669768
-0.150174,0.300156,0.669766
-0.150174,0.300156,0.669763
-0.150174,0.300156,0.669760
-0.150174,0.300156,0.669756
-0.150174,0.300156,0.669752
-0.150174,0.300156,0.669748
-0.150174,0.300156,0.669743
-0.150174,0.300156,0.669738
-0.150174,0.300156,0.669732
-0.150174,0.300156,0.669726
-0.150174,0.300156,0.669719
-0.150174,0.300156,0.669712
-0.150174,0.300156,0.669704
-0.150174,0.300156,0.669695
-0.150174,0.300156,0.669686
-0.150174,0.300156,0.669676
-0.150173,0.300156,0.669666
-0.150173,0.300156,0.669655
-0.150173,0.300156,0.669643
-0.150173,0.300156,0.669631
-0.150173,0.300156,0.669618
-0.150173,0.300156,0.669604
-0.150173,0.300156,0.669590
-0.150173,0.300156,0.669574
-0.150173,0.300156,0.669558
-0.150173,0.300156,0.669541
-0.150173,0.300156,0.669524
-0.150173,0.300156,0.669505
-0.150173,0.300156,0.669486
-0.150173,0.300156,0.669465
-0.150173,0.300156,0.669444
-0.150173,0.300156,0.669422
-0.150173,0.300156,0.669399
-0.150173,0.300156,0.669375
-0.150173,0.300156,0.669350
-0.150173,0.300156,0.669325
-0.150173,0.300156,0.669298
-0.150173,0.300156,0.669270
-0.150173,0.300156,0.669241
-0.150173,0.300156,0.669211
-0.150173,0.300155,0.669181
-0.150173,0.300155,0.669149
-0.150173,0.300155,0.669116
-0.150173,0.300155,0.669082
-0.150173,0.300155,0.669047
-0.150173,0.300155,0.669010
-0.150173,0.300155,0.668973
-0.150173,0.300155,0.668935
-0.150173,0.300155,0.668895
-0.150173,0.300155,0.668854
-0.150173,0.300155,0.668812
-0.150173,0.300155,0.668769
-0.150173,0.300155,0.668725
-0.150172,0.300155,0.668679
-0.150172,0.300155,0.668632
-0.150172,0.300155,0.668584
-0.150172,0.300155,0.668535
-0.150172,0.300155,0.668485
-0.150172,0.300155,0.668433
-0.150172,0.300155,0.668380
-0.150172,0.300155,0.668325
-0.150172,0.300155,0.668270
-0.150172,0.300155,0.668213
-0.150172,0.300155,0.668154
-0.150172,0.300154,0.668095
-0.150172,0.300154,0.668034
-0.150172,0.300154,0.667971
-0.150172,0.300154,0.667908
-0.150172,0.300154,0.667843
-0.150172,0.300154,0.667776
-0.150171,0.300154,0.667708
-0.150171,0.300154,0.667639
-0.150171,0.300154,0.667568
-0.150171,0.300154,0.667496
-0.150171,0.300154,0.667423
-0.150171,0.300154,0.667348
-0.150171,0.300154,0.667271
-0.150171,0.300154,0.667193
-0.150171,0.300154,0.667114
-0.150171,0.300154,0.667033
-0.150171,0.300153,0.666951
-0.150171,0.300153,0.666867
-0.150171,0.300153,0.666781
-0.150170,0.300153,0.666695
-0.150170,0.300153,0.666606
-0.150170,0.300153,0.666516
-0.150170,0.300153,0.666425
-0.150170,0.300153,0.666332
-0.150170,0.300153,0.666237
-0.150170,0.300153,0.666141
-0.150170,0.300153,0.666044
-0.150170,0.300153,0.665944
-0.150170,0.300152,0.665843
-0.150169,0.300152,0.665741
-0.150169,0.300152,0.665637
-0.150169,0.300152,0.665532
-0.150169,0.300152,0.665424
-0.150169,0.300152,0.665316
-0.150169,0.300152,0.665205
-0.150169,0.300152,0.665093
-0.150169,0.300152,0.664980
-0.150169,0.300152,0.664864
-0.150168,0.300151,0.664747
-0.150168,0.300151,0.664629
-0.150168,0.300151,0.664509
-0.150168,0.300151,0.664387
-0.150168,0.300151,0.664263
-0.150168,0.300151,0.664138
-0.150168,0.300151,0.664011
-0.150168,0.300151,0.663883
-0.150167,0.300151,0.663753
-0.150167,0.300150,0.663621
-0.150167,0.300150,0.663487
-0.150167,0.300150,0.663352
-0.150167,0.300150,0.663215
-0.150167,0.300150,0.663077
-0.150167,0.300150,0.662936
-0.150166,0.300150,0.662794
-0.150166,0.300149,0.662651
-0.150166,0.300149,0.662505
-0.150166,0.300149,0.662358
-0.150166,0.300149,0.662209
-0.150166,0.300149,0.662059
-0.150166,0.300149,0.661907
-0.150165,0.300149,0.661753
-0.150165,0.300149,0.661597
-0.150165,0.300148,0.661440
-0.150165,0.300148,0.661280
-0.150165,0.300148,0.661120
-0.150165,0.300148,0.660957
-0.150164,0.300148,0.660793
-0.150164,0.300148,0.660627
-0.150164,0.300147,0.660459
-0.150164,0.300147,0.660289
-0.150164,0.300147,0.660118
-0.150164,0.300147,0.659945
-0.150163,0.300147,0.659770
-0.150163,0.300147,0.659594
-0.150163,0.300147,0.659416
-0.150163,0.300146,0.659236
-0.150163,0.300146,0.659054
-0.150162,0.300146,0.658871
-0.150162,0.300146,0.658686
-0.150162,0.300146,0.658499
-0.150162,0.300146,0.658310
-0.150162,0.300145,0.658120
-0.150161,0.300145,0.657927
-0.150161,0.300145,0.657734
-0.150161,0.300145,0.657538
-0.150161,0.300145,0.657341
-0.150161,0.300144,0.657141
-0.150160,0.300144,0.656941
-0.150160,0.300144,0.656738
-0.150160,0.300144,0.656534
-0.150160,0.300144,0.656328
-0.150160,0.300143,0.656120
-0.150159,0.300143,0.655910
-0.150159,0.300143,0.655699
-0.150159,0.300143,0.655486
-0.150159,0.300143,0.655271
-0.150159,0.300143,0.655055
-0.150158,0.300142,0.654837
-0.150158,0.300142,0.654617
-0.150158,0.300142,0.654395
-0.150158,0.300142,0.654172
-0.150157,0.300141,0.653947
-0.150157,0.300141,0.653720
-0.150157,0.300141,0.653491
-0.150157,0.300141,0.653261
-0.150156,0.300141,0.653029
-0.150156,0.300140,0.652796
-0.150156,0.300140,0.652560
-0.150156,0.300140,0.652323
-0.150156,0.300140,0.652084
-0.150155,0.300140,0.651844
-0.150155,0.300139,0.651602
-0.150155,0.300139,0.651358
-0.150155,0.300139,0.651112
-0.150154,0.300139,0.650865
-0.150154,0.300138,0.650616
-0.150154,0.300138,0.650366
-0.150154,0.300138,0.650114
-0.150153,0.300138,0.649860
-0.150153,0.300138,0.649604
-0.150153,0.300137,0.649347
-0.150152,0.300137,0.649088
-0.150152,0.300137,0.648827
-0.150152,0.300137,0.648565
-0.150152,0.300136,0.648301
-0.150151,0.300136,0.648036
-0.150151,0.300136,0.647769
-0.150151,0.300136,0.647500
-0.150151,0.300135,0.647230
-0.150150,0.300135,0.646958
-0.150150,0.300135,0.646684
-0.150150,0.300135,0.646409
-0.150149,0.300134,0.646132
-0.150149,0.300134,0.645854
-0.150149,0.300134,0.645574
-0.150149,0.300134,0.645292
-0.150148,0.300133,0.645009
-0.150148,0.300133,0.644724
-0.150148,0.300133,0.644438
-0.150147,0.300132,0.644150
-0.150147,0.300132,0.643861
-0.150147,0.300132,0.643569
-0.150147,0.300132,0.643277
-0.150146,0.300131,0.642983
-0.150146,0.300131,0.642687
-0.150146,0.300131,0.642390
-0.150145,0.300131,0.642091
-0.150145,0.300130,0.641791
-0.150145,0.300130,0.641489
-0.150144,0.300130,0.641186
-0.150144,0.300129,0.640881
-0.150144,0.300129,0.640575
-0.150143,0.300129,0.640267
-0.150143,0.300129,0.639958
-0.150143,0.300128,0.639647
-0.150142,0.300128,0.639335
-0.150142,0.300128,0.639021
-0.150142,0.300127,0.638706
-0.150142,0.300127,0.638390
-0.150141,0.300127,0.638072
-0.150141,0.300127,0.637752
-0.150141,0.300126,0.637431
-0.150140,0.300126,0.637109
-0.150140,0.300126,0.636785
-0.150140,0.300125,0.636460
-0.150139,0.300125,0.636134
-0.150139,0.300125,0.635806
-0.150139,0.300125,0.635477
-0.150138,0.300124,0.635146
-0.150138,0.300124,0.634814
-0.150138,0.300124,0.634481
-0.150137,0.300123,0.634146
-0.150137,0.300123,0.633810
-0.150136,0.300123,0.633473
-0.150136,0.300122,0.633134
-0.150136,0.300122,0.632794
-0.150135,0.300122,0.632453
-0.150135,0.300121,0.632110
-0.150135,0.300121,0.631766
-0.150134,0.300121,0.631421
-0.150134,0.300120,0.631075
-0.150134,0.300120,0.630727
-0.150133,0.300120,0.630378
-0.150133,0.300120,0.630028
-0.150133,0.300119,0.629676
-0.150132,0.300119,0.629323
-0.150132,0.300119,0.628969
-0.150132,0.300118,0.628614
-0.150131,0.300118,0.628258
-0.150131,0.300118,0.627900
-0.150130,0.300117,0.627542
-0.150130,0.300117,0.627182
-0.150130,0.300117,0.626821
-0.150129,0.300116,0.626458
-0.150129,0.300116,0.626095
-0.150129,0.300116,0.625730
-0.150128,0.300115,0.625365
-0.150128,0.300115,0.624998
-0.150127,0.300115,0.624630
-0.150127,0.300114,0.624261
-0.150127,0.300114,0.623891
-0.150126,0.300114,0.623520
-0.150126,0.300113,0.623148
-0.150126,0.300113,0.622774
-0.150125,0.300112,0.622400
-0.150125,0.300112,0.622024
-0.150124,0.300112,0.621648
-0.150124,0.300111,0.621271
-0.150124,0.300111,0.620892
-0.150123,0.300111,0.620513
-0.150123,0.300110,0.620132
-0.150122,0.300110,0.619751
-0.150122,0.300110,0.619368
-0.150122,0.300109,0.618985
-0.150121,0.300109,0.618600
-0.150121,0.300109,0.618215
-0.150120,0.300108,0.617829
-0.150120,0.300108,0.617442
-0.150120,0.300108,0.617054
-0.150119,0.300107,0.616665
-0.150119,0.300107,0.616275
-0.150118,0.300107,0.615884
-0.150118,0.300106,0.615493
-0.150118,0.300106,0.615100
-0.150117,0.300105,0.614707
-0.150117,0.300105,0.614313
-0.150116,0.300105,0.613918
-0.150116,0.300104,0.613522
-0.150116,0.300104,0.613125
-0.150115,0.300104,0.612728
-0.150115,0.300103,0.612330
-0.150114,0.300103,0.611931
-0.150114,0.300103,0.611531
-0.150114,0.300102,0.611131
-0.150113,0.300102,0.610729
-0.150113,0.300101,0.610327
-0.150112,0.300101,0.609925
-0.150112,0.300101,0.609522
-0.150112,0.300100,0.609117
-0.150111,0.300100,0.608713
-0.150111,0.300100,0.608307
-0.150110,0.300099,0.607901
-0.150110,0.300099,0.607495
-0.150110,0.300098,0.607087
-0.150109,0.300098,0.606679
-0.150109,0.300098,0.606271
-0.150108,0.300097,0.605862
-0.150108,0.300097,0.605452
-0.150107,0.300097,0.605041
-0.150107,0.300096,0.604630
-0.150107,0.300096,0.604219
-0.150106,0.300095,0.603807
-0.150106,0.300095,0.603394
-0.150105,0.300095,0.602981
-0.150105,0.300094,0.602568
-0.150104,0.300094,0.602153
-0.150104,0.300094,0.601739
-0.150104,0.300093,0.601324
-0.150103,0.300093,0.600908
-0.150103,0.300092,0.600492
-0.150102,0.300092,0.600076
-0.150102,0.300092,0.599659
-0.150101,0.300091,0.599242
-0.150101,0.300091,0.598824
-0.150101,0.300090,0.598406
-0.150100,0.300090,0.597987
-0.150100,0.300090,0.597569
-0.150099,0.300089,0.597149
-0.150099,0.300089,0.596730
-0.150098,0.300089,0.596310
-0.150098,0.300088,0.595890
-0.150098,0.300088,0.595469
-0.150097,0.300087,0.595048
-0.150097,0.300087,0.594627
-0.150096,0.300087,0.594206
-0.150096,0.300086,0.593784
-0.150095,0.300086,0.593362
-0.150095,0.300085,0.592940
-0.150095,0.300085,0.592518
-0.150094,0.300085,0.592095
-0.150094,0.300084,0.591672
-0.150093,0.300084,0.591249
-0.150093,0.300083,0.590826
-0.150092,0.300083,0.590403
-0.150092,0.300083,0.589979
-0.150092,0.300082,0.589556
-0.150091,0.300082,0.589132
-0.150091,0.300082,0.588708
-0.150090,0.300081,0.588284
-0.150090,0.300081,0.587860
-0.150089,0.300080,0.587436
-0.150089,0.300080,0.587011
-0.150089,0.300080,0.586587
-0.150088,0.300079,0.586163
-0.150088,0.300079,0.585738
-0.150087,0.300078,0.585314
-0.150087,0.300078,0.584889
-0.150086,0.300078,0.584465
-0.150086,0.300077,0.584040
-0.150086,0.300077,0.583616
-0.150085,0.300076,0.583192
-0.150085,0.300076,0.582767
-0.150084,0.300076,0.582343
-0.150084,0.300075,0.581919
-0.150083,0.300075,0.581495
-0.150083,0.300075,0.581071
-0.150082,0.300074,0.580647
-0.150082,0.300074,0.580223
-0.150082,0.300073,0.579799
-0.150081,0.300073,0.579376
-0.150081,0.300073,0.578953
-0.150080,0.300072,0.578529
-0.150080,0.300072,0.578106
-0.150079,0.300071,0.577684
-0.150079,0.300071,0.577261
-0.150079,0.300071,0.576839
-0.150078,0.300070,0.576416
-0.150078,0.300070,0.575995
-0.150077,0.300069,0.575573
-0.150077,0.300069,0.575152
-0.150076,0.300069,0.574730
-0.150076,0.300068,0.574310
-0.150076,0.300068,0.573889
-0.150075,0.300068,0.573469
-0.150075,0.300067,0.573049
-0.150074,0.300067,0.572629
-0.150074,0.300066,0.572210
-0.150073,0.300066,0.571791
-0.150073,0.300066,0.571373
-0.150073,0.300065,0.570955
-0.150072,0.300065,0.570537
-0.150072,0.300064,0.570120
-0.150071,0.300064,0.569703
-0.150071,0.300064,0.569286
-0.150070,0.300063,0.568870
-0.150070,0.300063,0.568455
-0.150070,0.300063,0.568040
-0.150069,0.300062,0.567625
-0.150069,0.300062,0.567211
-0.150068,0.300061,0.566797
-0.150068,0.300061,0.566384
-0.150067,0.300061,0.565972
-0.150067,0.300060,0.565560
-0.150067,0.300060,0.565148
-0.150066,0.300059,0.564737
-0.150066,0.300059,0.564327
-0.150065,0.300059,0.563917
-0.150065,0.300058,0.563508
-0.150065,0.300058,0.563099
-0.150064,0.300058,0.562691
-0.150064,0.300057,0.562284
-0.150063,0.300057,0.561877
-0.150063,0.300056,0.561471
-0.150062,0.300056,0.561066
-0.150062,0.300056,0.560661
-0.150062,0.300055,0.560257
-0.150061,0.300055,0.559854
-0.150061,0.300055,0.559451
-0.150060,0.300054,0.559049
-0.150060,0.300054,0.558648
-0.150060,0.300054,0.558248
-0.150059,0.300053,0.557848
-0.150059,0.300053,0.557449
-0.150058,0.300052,0.557051
-0.150058,0.300052,0.556653
-0.150058,0.300052,0.556257
-0.150057,0.300051,0.555861
-0.150057,0.300051,0.555466
-0.150056,0.300051,0.555072
-0.150056,0.300050,0.554679
-0.150056,0.300050,0.554286
-0.150055,0.300050,0.553895
-0.150055,0.300049,0.553504
-0.150054,0.300049,0.553114
-0.150054,0.300048,0.552725
-0.150054,0.300048,0.552337
-0.150053,0.300048,0.551950
-0.150053,0.300047,0.551564
-0.150052,0.300047,0.551178
-0.150052,0.300047,0.550794
-0.150052,0.300046,0.550411
-0.150051,0.300046,0.550028
-0.150051,0.300046,0.549647
-0.150050,0.300045,0.549266
-0.150050,0.300045,0.548887
-0.150050,0.300045,0.548508
-0.150049,0.300044,0.548131
-0.150049,0.300044,0.547754
-0.150048,0.300044,0.547379
-0.150048,0.300043,0.547004
-0.150048,0.300043,0.546631
-0.150047,0.300043,0.546259
-0.150047,0.300042,0.545888
-0.150047,0.300042,0.545518
-0.150046,0.300041,0.545149
-0.150046,0.300041,0.544781
-0.150045,0.300041,0.544414
-0.150045,0.300040,0.544048
-0.150045,0.300040,0.543684
-0.150044,0.300040,0.543320
-0.150044,0.300039,0.542958
-0.150044,0.300039,0.542597
-0.150043,0.300039,0.542237
-0.150043,0.300038,0.541878
-0.150042,0.300038,0.541521
-0.150042,0.300038,0.541164
-0.150042,0.300038,0.540809
-0.150041,0.300037,0.540455
-0.150041,0.300037,0.540103
-0.150041,0.300037,0.539751
-0.150040,0.300036,0.539401
-0.150040,0.300036,0.539052
-0.150040,0.300036,0.538704
-0.150039,0.300035,0.538358
-0.150039,0.300035,0.538013
-0.150039,0.300035,0.537669
-0.150038,0.300034,0.537326
-0.150038,0.300034,0.536985
-0.150037,0.300034,0.536645
-0.150037,0.300033,0.536306
-0.150037,0.300033,0.535969
-0.150036,0.300033,0.535633
-0.150036,0.300032,0.535298
-0.150036,0.300032,0.534965
-0.150035,0.300032,0.534633
-0.150035,0.300032,0.534302
-0.150035,0.300031,0.533973
-0.150034,0.300031,0.533645
-0.150034,0.300031,0.533318
-0.150034,0.300030,0.532993
-0.150033,0.300030,0.532670
-0.150033,0.300030,0.532347
-0.150033,0.300029,0.532026
-0.150032,0.300029,0.531707
-0.150032,0.300029,0.531389
-0.150032,0.300029,0.531072
-0.150031,0.300028,0.530757
-0.150031,0.300028,0.530444
-0.150031,0.300028,0.530132
-0.150030,0.300027,0.529821
-0.150030,0.300027,0.529512
-0.150030,0.300027,0.529204
-0.150030,0.300027,0.528898
-0.150029,0.300026,0.528593
-0.150029,0.300026,0.528290
-0.150029,0.300026,0.527988
-0.150028,0.300025,0.527688
-0.150028,0.300025,0.527389
-0.150028,0.300025,0.527092
-0.150027,0.300025,0.526796
-0.150027,0.300024,0.526502
-0.150027,0.300024,0.526209
-0.150027,0.300024,0.525918
-0.150026,0.300024,0.525629
-0.150026,0.300023,0.525341
-0.150026,0.300023,0.525054
-0.150025,0.300023,0.524770
-0.150025,0.300023,0.524487
-0.150025,0.300022,0.524205
-0.150024,0.300022,0.523925
-0.150024,0.300022,0.523646
-0.150024,0.300021,0.523370
-0.150024,0.300021,0.523094
-0.150023,0.300021,0.522821
-0.150023,0.300021,0.522549
-0.150023,0.300020,0.522279
-0.150023,0.300020,0.522010
-0.150022,0.300020,0.521743
-0.150022,0.300020,0.521477
-0.150022,0.300019,0.521213
-0.150021,0.300019,0.520951
-0.150021,0.300019,0.520691
-0.150021,0.300019,0.520432
-0.150021,0.300019,0.520175
-0.150020,0.300018,0.519919
-0.150020,0.300018,0.519665
-0.150020,0.300018,0.519413
-0.150020,0.300018,0.519162
-0.150019,0.300017,0.518913
-0.150019,0.300017,0.518666
-0.150019,0.300017,0.518421
-0.150019,0.300017,0.518177
-0.150018,0.300016,0.517935
-0.150018,0.300016,0.517694
-0.150018,0.300016,0.517456
-0.150018,0.300016,0.517219
-0.150017,0.300016,0.516983
-0.150017,0.300015,0.516750
-0.150017,0.300015,0.516518
-0.150017,0.300015,0.516287
-0.150016,0.300015,0.516059
-0.150016,0.300015,0.515832
-0.150016,0.300014,0.515607
-0.150016,0.300014,0.515384
-0.150016,0.300014,0.515162
-0.150015,0.300014,0.514942
-0.150015,0.300014,0.514724
-0.150015,0.300013,0.514507
-0.150015,0.300013,0.514293
-0.150014,0.300013,0.514080
-0.150014,0.300013,0.513868
-0.150014,0.300013,0.513659
-0.150014,0.300012,0.513451
-0.150014,0.300012,0.513245
-0.150013,0.300012,0.513041
-0.150013,0.300012,0.512838
-0.150013,0.300012,0.512637
-0.150013,0.300011,0.512438
-0.150013,0.300011,0.512241
-0.150012,0.300011,0.512045
-0.150012,0.300011,0.511851
-0.150012,0.300011,0.511659
-0.150012,0.300011,0.511469
-0.150012,0.300010,0.511280
-0.150011,0.300010,0.511093
-0.150011,0.300010,0.510908
-0.150011,0.300010,0.510725
-0.150011,0.300010,0.510543
-0.150011,0.300010,0.510363
-0.150010,0.300009,0.510185
-0.150010,0.300009,0.510008
-0.150010,0.300009,0.509834
-0.150010,0.300009,0.509661
-0.150010,0.300009,0.509489
-0.150010,0.300009,0.509320
-0.150009,0.300008,0.509152
-0.150009,0.300008,0.508986
-0.150009,0.300008,0.508822
-0.150009,0.300008,0.508659
-0.150009,0.300008,0.508498
-0.150009,0.300008,0.508339
-0.150008,0.300008,0.508182
-0.150008,0.300007,0.508026
-0.150008,0.300007,0.507872
-0.150008,0.300007,0.507720
-0.150008,0.300007,0.507569
-0.150008,0.300007,0.507421
-0.150007,0.300007,0.507273
-0.150007,0.300007,0.507128
-0.150007,0.300006,0.506984
-0.150007,0.300006,0.506842
-0.150007,0.300006,0.506702
-0.150007,0.300006,0.506564
-0.150007,0.300006,0.506427
-0.150006,0.300006,0.506291
-0.150006,0.300006,0.506158
-0.150006,0.300006,0.506026
-0.150006,0.300005,0.505896
-0.150006,0.300005,0.505767
-0.150006,0.300005,0.505641
-0.150006,0.300005,0.505515
-0.150006,0.300005,0.505392
-0.150005,0.300005,0.505270
-0.150005,0.300005,0.505150
-0.150005,0.300005,0.505031
-0.150005,0.300005,0.504914
-0.150005,0.300004,0.504799
-0.150005,0.300004,0.504686
-0.150005,0.300004,0.504574
-0.150005,0.300004,0.504463
-0.150004,0.300004,0.504354
-0.150004,0.300004,0.504247
-0.150004,0.300004,0.504142
-0.150004,0.300004,0.504038
-0.150004,0.300004,0.503935
-0.150004,0.300004,0.503834
-0.150004,0.300003,0.503735
-0.150004,0.300003,0.503638
-0.150004,0.300003,0.503541
-0.150004,0.300003,0.503447
-0.150003,0.300003,0.503354
-0.150003,0.300003,0.503262
-0.150003,0.300003,0.503173
-0.150003,0.300003,0.503084
-0.150003,0.300003,0.502997
-0.150003,0.300003,0.502912
-0.150003,0.300003,0.502828
-0.150003,0.300003,0.502746
-0.150003,0.300002,0.502665
-0.150003,0.300002,0.502585
-0.150003,0.300002,0.502508
-0.150002,0.300002,0.502431
-0.150002,0.300002,0.502356
-0.150002,0.300002,0.502282
-0.150002,0.300002,0.502210
-0.150002,0.300002,0.502140
-0.150002,0.300002,0.502070
-0.150002,0.300002,0.502002
-0.150002,0.300002,0.501936
-0.150002,0.300002,0.501871
-0.150002,0.300002,0.501807
-0.150002,0.300002,0.501745
-0.150002,0.300002,0.501684
-0.150002,0.300001,0.501624
-0.150002,0.300001,0.501566
-0.150002,0.300001,0.501509
-0.150001,0.300001,0.501453
-0.150001,0.300001,0.501399
-0.150001,0.300001,0.501346
-0.150001,0.300001,0.501294
-0.150001,0.300001,0.501244
-0.150001,0.300001,0.501194
-0.150001,0.300001,0.501146
-0.150001,0.300001,0.501100
-0.150001,0.300001,0.501054
-0.150001,0.300001,0.501010
-0.150001,0.300001,0.500967
-0.150001,0.300001,0.500925
-0.150001,0.300001,0.500884
-0.150001,0.300001,0.500844
-0.150001,0.300001,0.500806
-0.150001,0.300001,0.500768
-0.150001,0.300001,0.500732
-0.150001,0.300001,0.500697
-0.150001,0.300001,0.500663
-0.150001,0.300001,0.500630
-0.150001,0.300001,0.500598
-0.150001,0.300001,0.500567
-0.150001,0.300000,0.500537
-0.150001,0.300000,0.500509
-0.150000,0.300000,0.500481
-0.150000,0.300000,0.500454
-0.150000,0.300000,0.500428
-0.150000,0.300000,0.500403
-0.150000,0.300000,0.500380
-0.150000,0.300000,0.500357
-0.150000,0.300000,0.500335
-0.150000,0.300000,0.500313
-0.150000,0.300000,0.500293
-0.150000,0.300000,0.500274
-0.150000,0.300000,0.500255
-0.150000,0.300000,0.500237
-0.150000,0.300000,0.500220
-0.150000,0.300000,0.500204
-0.150000,0.300000,0.500189
-0.150000,0.300000,0.500175
-0.150000,0.300000,0.500161
-0.150000,0.300000,0.500148
-0.150000,0.300000,0.500135
-0.150000,0.300000,0.500124
-0.150000,0.300000,0.500113
-0.150000,0.300000,0.500102
-0.150000,0.300000,0.500093
-0.150000,0.300000,0.500083
-0.150000,0.300000,0.500075
-0.150000,0.300000,0.500067
-0.150000,0.300000,0.500060
-0.150000,0.300000,0.500053
-0.150000,0.300000,0.500047
-0.150000,0.300000,0.500041
-0.150000,0.300000,0.500036
-0.150000,0.300000,0.500031
-0.150000,0.300000,0.500027
-0.150000,0.300000,0.500023
-0.150000,0.300000,0.500019
-0.150000,0.300000,0.500016
-0.150000,0.300000,0.500013
-0.150000,0.300000,0.500011
-0.150000,0.300000,0.500009
-0.150000,0.300000,0.500007
-0.150000,0.300000,0.500005
-0.150000,0.300000,0.500004
-0.150000,0.300000,0.500003
-0.150000,0.300000,0.500002
-0.150000,0.300000,0.500001
-0.150000,0.300000,0.500001
-0.150000,0.300000,0.500000
-0.150000,0.300000,0.500000
-0.150000,0.300000,0.500000
-0.150000,0.300000,0.500000
-0.150000,0.300000,0.500000
